-3.07876 -3.07876 0.201639
-3.07876 -2.9531 0.196624
-3.07876 -2.82743 0.18704
-3.07876 -2.70177 0.173705
-3.07876 -2.57611 0.157679
-3.07876 -2.45044 0.140114
-3.07876 -2.32478 0.122108
-3.07876 -2.19911 0.104594
-3.07876 -2.07345 0.0882735
-3.07876 -1.94779 0.0735992
-3.07876 -1.82212 0.0607969
-3.07876 -1.69646 0.0499073
-3.07876 -1.5708 0.0408389
-3.07876 -1.44513 0.0334182
-3.07876 -1.31947 0.0274326
-3.07876 -1.19381 0.0226608
-3.07876 -1.06814 0.0188937
-3.07876 -0.942478 0.0159455
-3.07876 -0.816814 0.0136585
-3.07876 -0.69115 0.0119033
-3.07876 -0.565487 0.0105773
-3.07876 -0.439823 0.00960142
-3.07876 -0.314159 0.00891686
-3.07876 -0.188496 0.00848224
-3.07876 -0.0628319 0.0082713
-3.07876 0.0628319 0.0082713
-3.07876 0.188496 0.00848224
-3.07876 0.314159 0.00891686
-3.07876 0.439823 0.00960142
-3.07876 0.565487 0.0105773
-3.07876 0.69115 0.0119033
-3.07876 0.816814 0.0136585
-3.07876 0.942478 0.0159455
-3.07876 1.06814 0.0188937
-3.07876 1.19381 0.0226608
-3.07876 1.31947 0.0274326
-3.07876 1.44513 0.0334182
-3.07876 1.5708 0.0408389
-3.07876 1.69646 0.0499073
-3.07876 1.82212 0.0607969
-3.07876 1.94779 0.0735992
-3.07876 2.07345 0.0882735
-3.07876 2.19911 0.104594
-3.07876 2.32478 0.122108
-3.07876 2.45044 0.140114
-3.07876 2.57611 0.157679
-3.07876 2.70177 0.173705
-3.07876 2.82743 0.18704
-3.07876 2.9531 0.196624
-3.07876 3.07876 0.201639
-2.9531 -3.07876 0.196624
-2.9531 -2.9531 0.191734
-2.9531 -2.82743 0.182389
-2.9531 -2.70177 0.169385
-2.9531 -2.57611 0.153757
-2.9531 -2.45044 0.136629
-2.9531 -2.32478 0.119072
-2.9531 -2.19911 0.101993
-2.9531 -2.07345 0.0860783
-2.9531 -1.94779 0.0717689
-2.9531 -1.82212 0.0592849
-2.9531 -1.69646 0.0486662
-2.9531 -1.5708 0.0398233
-2.9531 -1.44513 0.0325872
-2.9531 -1.31947 0.0267503
-2.9531 -1.19381 0.0220972
-2.9531 -1.06814 0.0184238
-2.9531 -0.942478 0.015549
-2.9531 -0.816814 0.0133188
-2.9531 -0.69115 0.0116073
-2.9531 -0.565487 0.0103143
-2.9531 -0.439823 0.00936265
-2.9531 -0.314159 0.00869511
-2.9531 -0.188496 0.0082713
-2.9531 -0.0628319 0.0080656
-2.9531 0.0628319 0.0080656
-2.9531 0.188496 0.0082713
-2.9531 0.314159 0.00869511
-2.9531 0.439823 0.00936265
-2.9531 0.565487 0.0103143
-2.9531 0.69115 0.0116073
-2.9531 0.816814 0.0133188
-2.9531 0.942478 0.015549
-2.9531 1.06814 0.0184238
-2.9531 1.19381 0.0220972
-2.9531 1.31947 0.0267503
-2.9531 1.44513 0.0325872
-2.9531 1.5708 0.0398233
-2.9531 1.69646 0.0486662
-2.9531 1.82212 0.0592849
-2.9531 1.94779 0.0717689
-2.9531 2.07345 0.0860783
-2.9531 2.19911 0.101993
-2.9531 2.32478 0.119072
-2.9531 2.45044 0.136629
-2.9531 2.57611 0.153757
-2.9531 2.70177 0.169385
-2.9531 2.82743 0.182389
-2.9531 2.9531 0.191734
-2.9531 3.07876 0.196624
-2.82743 -3.07876 0.18704
-2.82743 -2.9531 0.182389
-2.82743 -2.82743 0.173499
-2.82743 -2.70177 0.161129
-2.82743 -2.57611 0.146263
-2.82743 -2.45044 0.12997
-2.82743 -2.32478 0.113268
-2.82743 -2.19911 0.0970221
-2.82743 -2.07345 0.0818827
-2.82743 -1.94779 0.0682707
-2.82743 -1.82212 0.0563953
-2.82743 -1.69646 0.0462941
-2.82743 -1.5708 0.0378822
-2.82743 -1.44513 0.0309988
-2.82743 -1.31947 0.0254465
-2.82743 -1.19381 0.0210202
-2.82743 -1.06814 0.0175258
-2.82743 -0.942478 0.0147911
-2.82743 -0.816814 0.0126696
-2.82743 -0.69115 0.0110415
-2.82743 -0.565487 0.00981152
-2.82743 -0.439823 0.0089063
-2.82743 -0.314159 0.0082713
-2.82743 -0.188496 0.00786815
-2.82743 -0.0628319 0.00767248
-2.82743 0.0628319 0.00767248
-2.82743 0.188496 0.00786815
-2.82743 0.314159 0.0082713
-2.82743 0.439823 0.0089063
-2.82743 0.565487 0.00981152
-2.82743 0.69115 0.0110415
-2.82743 0.816814 0.0126696
-2.82743 0.942478 0.0147911
-2.82743 1.06814 0.0175258
-2.82743 1.19381 0.0210202
-2.82743 1.31947 0.0254465
-2.82743 1.44513 0.0309988
-2.82743 1.5708 0.0378822
-2.82743 1.69646 0.0462941
-2.82743 1.82212 0.0563953
-2.82743 1.94779 0.0682707
-2.82743 2.07345 0.0818827
-2.82743 2.19911 0.0970221
-2.82743 2.32478 0.113268
-2.82743 2.45044 0.12997
-2.82743 2.57611 0.146263
-2.82743 2.70177 0.161129
-2.82743 2.82743 0.173499
-2.82743 2.9531 0.182389
-2.82743 3.07876 0.18704
-2.70177 -3.07876 0.173705
-2.70177 -2.9531 0.169385
-2.70177 -2.82743 0.161129
-2.70177 -2.70177 0.149641
-2.70177 -2.57611 0.135835
-2.70177 -2.45044 0.120703
-2.70177 -2.32478 0.105192
-2.70177 -2.19911 0.0901046
-2.70177 -2.07345 0.0760447
-2.70177 -1.94779 0.0634032
-2.70177 -1.82212 0.0523744
-2.70177 -1.69646 0.0429935
-2.70177 -1.5708 0.0351813
-2.70177 -1.44513 0.0287887
-2.70177 -1.31947 0.0236322
-2.70177 -1.19381 0.0195215
-2.70177 -1.06814 0.0162763
-2.70177 -0.942478 0.0137365
-2.70177 -0.816814 0.0117663
-2.70177 -0.69115 0.0102543
-2.70177 -0.565487 0.00911198
-2.70177 -0.439823 0.0082713
-2.70177 -0.314159 0.00768157
-2.70177 -0.188496 0.00730717
-2.70177 -0.0628319 0.00712545
-2.70177 0.0628319 0.00712545
-2.70177 0.188496 0.00730717
-2.70177 0.314159 0.00768157
-2.70177 0.439823 0.0082713
-2.70177 0.565487 0.00911198
-2.70177 0.69115 0.0102543
-2.70177 0.816814 0.0117663
-2.70177 0.942478 0.0137365
-2.70177 1.06814 0.0162763
-2.70177 1.19381 0.0195215
-2.70177 1.31947 0.0236322
-2.70177 1.44513 0.0287887
-2.70177 1.5708 0.0351813
-2.70177 1.69646 0.0429935
-2.70177 1.82212 0.0523744
-2.70177 1.94779 0.0634032
-2.70177 2.07345 0.0760447
-2.70177 2.19911 0.0901046
-2.70177 2.32478 0.105192
-2.70177 2.45044 0.120703
-2.70177 2.57611 0.135835
-2.70177 2.70177 0.149641
-2.70177 2.82743 0.161129
-2.70177 2.9531 0.169385
-2.70177 3.07876 0.173705
-2.57611 -3.07876 0.157679
-2.57611 -2.9531 0.153757
-2.57611 -2.82743 0.146263
-2.57611 -2.70177 0.135835
-2.57611 -2.57611 0.123303
-2.57611 -2.45044 0.109567
-2.57611 -2.32478 0.0954872
-2.57611 -2.19911 0.0817915
-2.57611 -2.07345 0.0690287
-2.57611 -1.94779 0.0575535
-2.57611 -1.82212 0.0475423
-2.57611 -1.69646 0.0390268
-2.57611 -1.5708 0.0319354
-2.57611 -1.44513 0.0261326
-2.57611 -1.31947 0.0214519
-2.57611 -1.19381 0.0177204
-2.57611 -1.06814 0.0147746
-2.57611 -0.942478 0.0124692
-2.57611 -0.816814 0.0106807
-2.57611 -0.69115 0.00930819
-2.57611 -0.565487 0.0082713
-2.57611 -0.439823 0.00750818
-2.57611 -0.314159 0.00697286
-2.57611 -0.188496 0.006633
-2.57611 -0.0628319 0.00646804
-2.57611 0.0628319 0.00646804
-2.57611 0.188496 0.006633
-2.57611 0.314159 0.00697286
-2.57611 0.439823 0.00750818
-2.57611 0.565487 0.0082713
-2.57611 0.69115 0.00930819
-2.57611 0.816814 0.0106807
-2.57611 0.942478 0.0124692
-2.57611 1.06814 0.0147746
-2.57611 1.19381 0.0177204
-2.57611 1.31947 0.0214519
-2.57611 1.44513 0.0261326
-2.57611 1.5708 0.0319354
-2.57611 1.69646 0.0390268
-2.57611 1.82212 0.0475423
-2.57611 1.94779 0.0575535
-2.57611 2.07345 0.0690287
-2.57611 2.19911 0.0817915
-2.57611 2.32478 0.0954872
-2.57611 2.45044 0.109567
-2.57611 2.57611 0.123303
-2.57611 2.70177 0.135835
-2.57611 2.82743 0.146263
-2.57611 2.9531 0.153757
-2.57611 3.07876 0.157679
-2.45044 -3.07876 0.140114
-2.45044 -2.9531 0.136629
-2.45044 -2.82743 0.12997
-2.45044 -2.70177 0.120703
-2.45044 -2.57611 0.109567
-2.45044 -2.45044 0.0973618
-2.45044 -2.32478 0.0848503
-2.45044 -2.19911 0.0726802
-2.45044 -2.07345 0.0613392
-2.45044 -1.94779 0.0511423
-2.45044 -1.82212 0.0422463
-2.45044 -1.69646 0.0346794
-2.45044 -1.5708 0.028378
-2.45044 -1.44513 0.0232215
-2.45044 -1.31947 0.0190622
-2.45044 -1.19381 0.0157464
-2.45044 -1.06814 0.0131288
-2.45044 -0.942478 0.0110802
-2.45044 -0.816814 0.00949094
-2.45044 -0.69115 0.0082713
-2.45044 -0.565487 0.00734991
-2.45044 -0.439823 0.0066718
-2.45044 -0.314159 0.00619611
-2.45044 -0.188496 0.00589411
-2.45044 -0.0628319 0.00574753
-2.45044 0.0628319 0.00574753
-2.45044 0.188496 0.00589411
-2.45044 0.314159 0.00619611
-2.45044 0.439823 0.0066718
-2.45044 0.565487 0.00734991
-2.45044 0.69115 0.0082713
-2.45044 0.816814 0.00949094
-2.45044 0.942478 0.0110802
-2.45044 1.06814 0.0131288
-2.45044 1.19381 0.0157464
-2.45044 1.31947 0.0190622
-2.45044 1.44513 0.0232215
-2.45044 1.5708 0.028378
-2.45044 1.69646 0.0346794
-2.45044 1.82212 0.0422463
-2.45044 1.94779 0.0511423
-2.45044 2.07345 0.0613392
-2.45044 2.19911 0.0726802
-2.45044 2.32478 0.0848503
-2.45044 2.45044 0.0973618
-2.45044 2.57611 0.109567
-2.45044 2.70177 0.120703
-2.45044 2.82743 0.12997
-2.45044 2.9531 0.136629
-2.45044 3.07876 0.140114
-2.32478 -3.07876 0.122108
-2.32478 -2.9531 0.119072
-2.32478 -2.82743 0.113268
-2.32478 -2.70177 0.105192
-2.32478 -2.57611 0.0954872
-2.32478 -2.45044 0.0848503
-2.32478 -2.32478 0.0739465
-2.32478 -2.19911 0.0633404
-2.32478 -2.07345 0.0534568
-2.32478 -1.94779 0.0445702
-2.32478 -1.82212 0.0368174
-2.32478 -1.69646 0.0302229
-2.32478 -1.5708 0.0247312
-2.32478 -1.44513 0.0202374
-2.32478 -1.31947 0.0166126
-2.32478 -1.19381 0.0137229
-2.32478 -1.06814 0.0114417
-2.32478 -0.942478 0.0096563
-2.32478 -0.816814 0.0082713
-2.32478 -0.69115 0.00720839
-2.32478 -0.565487 0.00640541
-2.32478 -0.439823 0.00581444
-2.32478 -0.314159 0.00539988
-2.32478 -0.188496 0.00513668
-2.32478 -0.0628319 0.00500894
-2.32478 0.0628319 0.00500894
-2.32478 0.188496 0.00513668
-2.32478 0.314159 0.00539988
-2.32478 0.439823 0.00581444
-2.32478 0.565487 0.00640541
-2.32478 0.69115 0.00720839
-2.32478 0.816814 0.0082713
-2.32478 0.942478 0.0096563
-2.32478 1.06814 0.0114417
-2.32478 1.19381 0.0137229
-2.32478 1.31947 0.0166126
-2.32478 1.44513 0.0202374
-2.32478 1.5708 0.0247312
-2.32478 1.69646 0.0302229
-2.32478 1.82212 0.0368174
-2.32478 1.94779 0.0445702
-2.32478 2.07345 0.0534568
-2.32478 2.19911 0.0633404
-2.32478 2.32478 0.0739465
-2.32478 2.45044 0.0848503
-2.32478 2.57611 0.0954872
-2.32478 2.70177 0.105192
-2.32478 2.82743 0.113268
-2.32478 2.9531 0.119072
-2.32478 3.07876 0.122108
-2.19911 -3.07876 0.104594
-2.19911 -2.9531 0.101993
-2.19911 -2.82743 0.0970221
-2.19911 -2.70177 0.0901046
-2.19911 -2.57611 0.0817915
-2.19911 -2.45044 0.0726802
-2.19911 -2.32478 0.0633404
-2.19911 -2.19911 0.0542555
-2.19911 -2.07345 0.0457895
-2.19911 -1.94779 0.0381775
-2.19911 -1.82212 0.0315367
-2.19911 -1.69646 0.025888
-2.19911 -1.5708 0.021184
-2.19911 -1.44513 0.0173348
-2.19911 -1.31947 0.0142299
-2.19911 -1.19381 0.0117546
-2.19911 -1.06814 0.00980059
-2.19911 -0.942478 0.0082713
-2.19911 -0.816814 0.00708495
-2.19911 -0.69115 0.00617449
-2.19911 -0.565487 0.00548668
-2.19911 -0.439823 0.00498047
-2.19911 -0.314159 0.00462538
-2.19911 -0.188496 0.00439993
-2.19911 -0.0628319 0.00429051
-2.19911 0.0628319 0.00429051
-2.19911 0.188496 0.00439993
-2.19911 0.314159 0.00462538
-2.19911 0.439823 0.00498047
-2.19911 0.565487 0.00548668
-2.19911 0.69115 0.00617449
-2.19911 0.816814 0.00708495
-2.19911 0.942478 0.0082713
-2.19911 1.06814 0.00980059
-2.19911 1.19381 0.0117546
-2.19911 1.31947 0.0142299
-2.19911 1.44513 0.0173348
-2.19911 1.5708 0.021184
-2.19911 1.69646 0.025888
-2.19911 1.82212 0.0315367
-2.19911 1.94779 0.0381775
-2.19911 2.07345 0.0457895
-2.19911 2.19911 0.0542555
-2.19911 2.32478 0.0633404
-2.19911 2.45044 0.0726802
-2.19911 2.57611 0.0817915
-2.19911 2.70177 0.0901046
-2.19911 2.82743 0.0970221
-2.19911 2.9531 0.101993
-2.19911 3.07876 0.104594
-2.07345 -3.07876 0.0882735
-2.07345 -2.9531 0.0860783
-2.07345 -2.82743 0.0818827
-2.07345 -2.70177 0.0760447
-2.07345 -2.57611 0.0690287
-2.07345 -2.45044 0.0613392
-2.07345 -2.32478 0.0534568
-2.07345 -2.19911 0.0457895
-2.07345 -2.07345 0.0386445
-2.07345 -1.94779 0.0322203
-2.07345 -1.82212 0.0266157
-2.07345 -1.69646 0.0218485
-2.07345 -1.5708 0.0178785
-2.07345 -1.44513 0.0146299
-2.07345 -1.31947 0.0120094
-2.07345 -1.19381 0.00992045
-2.07345 -1.06814 0.0082713
-2.07345 -0.942478 0.00698064
-2.07345 -0.816814 0.00597941
-2.07345 -0.69115 0.00521102
-2.07345 -0.565487 0.00463054
-2.07345 -0.439823 0.00420332
-2.07345 -0.314159 0.00390363
-2.07345 -0.188496 0.00371336
-2.07345 -0.0628319 0.00362102
-2.07345 0.0628319 0.00362102
-2.07345 0.188496 0.00371336
-2.07345 0.314159 0.00390363
-2.07345 0.439823 0.00420332
-2.07345 0.565487 0.00463054
-2.07345 0.69115 0.00521102
-2.07345 0.816814 0.00597941
-2.07345 0.942478 0.00698064
-2.07345 1.06814 0.0082713
-2.07345 1.19381 0.00992045
-2.07345 1.31947 0.0120094
-2.07345 1.44513 0.0146299
-2.07345 1.5708 0.0178785
-2.07345 1.69646 0.0218485
-2.07345 1.82212 0.0266157
-2.07345 1.94779 0.0322203
-2.07345 2.07345 0.0386445
-2.07345 2.19911 0.0457895
-2.07345 2.32478 0.0534568
-2.07345 2.45044 0.0613392
-2.07345 2.57611 0.0690287
-2.07345 2.70177 0.0760447
-2.07345 2.82743 0.0818827
-2.07345 2.9531 0.0860783
-2.07345 3.07876 0.0882735
-1.94779 -3.07876 0.0735992
-1.94779 -2.9531 0.0717689
-1.94779 -2.82743 0.0682707
-1.94779 -2.70177 0.0634032
-1.94779 -2.57611 0.0575535
-1.94779 -2.45044 0.0511423
-1.94779 -2.32478 0.0445702
-1.94779 -2.19911 0.0381775
-1.94779 -2.07345 0.0322203
-1.94779 -1.94779 0.0268641
-1.94779 -1.82212 0.0221912
-1.94779 -1.69646 0.0182164
-1.94779 -1.5708 0.0149064
-1.94779 -1.44513 0.0121978
-1.94779 -1.31947 0.010013
-1.94779 -1.19381 0.0082713
-1.94779 -1.06814 0.0068963
-1.94779 -0.942478 0.0058202
-1.94779 -0.816814 0.00498541
-1.94779 -0.69115 0.00434476
-1.94779 -0.565487 0.00386077
-1.94779 -0.439823 0.00350457
-1.94779 -0.314159 0.0032547
-1.94779 -0.188496 0.00309606
-1.94779 -0.0628319 0.00301907
-1.94779 0.0628319 0.00301907
-1.94779 0.188496 0.00309606
-1.94779 0.314159 0.0032547
-1.94779 0.439823 0.00350457
-1.94779 0.565487 0.00386077
-1.94779 0.69115 0.00434476
-1.94779 0.816814 0.00498541
-1.94779 0.942478 0.0058202
-1.94779 1.06814 0.0068963
-1.94779 1.19381 0.0082713
-1.94779 1.31947 0.010013
-1.94779 1.44513 0.0121978
-1.94779 1.5708 0.0149064
-1.94779 1.69646 0.0182164
-1.94779 1.82212 0.0221912
-1.94779 1.94779 0.0268641
-1.94779 2.07345 0.0322203
-1.94779 2.19911 0.0381775
-1.94779 2.32478 0.0445702
-1.94779 2.45044 0.0511423
-1.94779 2.57611 0.0575535
-1.94779 2.70177 0.0634032
-1.94779 2.82743 0.0682707
-1.94779 2.9531 0.0717689
-1.94779 3.07876 0.0735992
-1.82212 -3.07876 0.0607969
-1.82212 -2.9531 0.0592849
-1.82212 -2.82743 0.0563953
-1.82212 -2.70177 0.0523744
-1.82212 -2.57611 0.0475423
-1.82212 -2.45044 0.0422463
-1.82212 -2.32478 0.0368174
-1.82212 -2.19911 0.0315367
-1.82212 -2.07345 0.0266157
-1.82212 -1.94779 0.0221912
-1.82212 -1.82212 0.0183311
-1.82212 -1.69646 0.0150478
-1.82212 -1.5708 0.0123135
-1.82212 -1.44513 0.0100761
-1.82212 -1.31947 0.0082713
-1.82212 -1.19381 0.00683254
-1.82212 -1.06814 0.00569671
-1.82212 -0.942478 0.0048078
-1.82212 -0.816814 0.00411822
-1.82212 -0.69115 0.003589
-1.82212 -0.565487 0.0031892
-1.82212 -0.439823 0.00289496
-1.82212 -0.314159 0.00268856
-1.82212 -0.188496 0.00255751
-1.82212 -0.0628319 0.00249391
-1.82212 0.0628319 0.00249391
-1.82212 0.188496 0.00255751
-1.82212 0.314159 0.00268856
-1.82212 0.439823 0.00289496
-1.82212 0.565487 0.0031892
-1.82212 0.69115 0.003589
-1.82212 0.816814 0.00411822
-1.82212 0.942478 0.0048078
-1.82212 1.06814 0.00569671
-1.82212 1.19381 0.00683254
-1.82212 1.31947 0.0082713
-1.82212 1.44513 0.0100761
-1.82212 1.5708 0.0123135
-1.82212 1.69646 0.0150478
-1.82212 1.82212 0.0183311
-1.82212 1.94779 0.0221912
-1.82212 2.07345 0.0266157
-1.82212 2.19911 0.0315367
-1.82212 2.32478 0.0368174
-1.82212 2.45044 0.0422463
-1.82212 2.57611 0.0475423
-1.82212 2.70177 0.0523744
-1.82212 2.82743 0.0563953
-1.82212 2.9531 0.0592849
-1.82212 3.07876 0.0607969
-1.69646 -3.07876 0.0499073
-1.69646 -2.9531 0.0486662
-1.69646 -2.82743 0.0462941
-1.69646 -2.70177 0.0429935
-1.69646 -2.57611 0.0390268
-1.69646 -2.45044 0.0346794
-1.69646 -2.32478 0.0302229
-1.69646 -2.19911 0.025888
-1.69646 -2.07345 0.0218485
-1.69646 -1.94779 0.0182164
-1.69646 -1.82212 0.0150478
-1.69646 -1.69646 0.0123525
-1.69646 -1.5708 0.010108
-1.69646 -1.44513 0.0082713
-1.69646 -1.31947 0.0067898
-1.69646 -1.19381 0.00560874
-1.69646 -1.06814 0.00467636
-1.69646 -0.942478 0.00394666
-1.69646 -0.816814 0.00338059
-1.69646 -0.69115 0.00294616
-1.69646 -0.565487 0.00261797
-1.69646 -0.439823 0.00237644
-1.69646 -0.314159 0.002207
-1.69646 -0.188496 0.00209943
-1.69646 -0.0628319 0.00204722
-1.69646 0.0628319 0.00204722
-1.69646 0.188496 0.00209943
-1.69646 0.314159 0.002207
-1.69646 0.439823 0.00237644
-1.69646 0.565487 0.00261797
-1.69646 0.69115 0.00294616
-1.69646 0.816814 0.00338059
-1.69646 0.942478 0.00394666
-1.69646 1.06814 0.00467636
-1.69646 1.19381 0.00560874
-1.69646 1.31947 0.0067898
-1.69646 1.44513 0.0082713
-1.69646 1.5708 0.010108
-1.69646 1.69646 0.0123525
-1.69646 1.82212 0.0150478
-1.69646 1.94779 0.0182164
-1.69646 2.07345 0.0218485
-1.69646 2.19911 0.025888
-1.69646 2.32478 0.0302229
-1.69646 2.45044 0.0346794
-1.69646 2.57611 0.0390268
-1.69646 2.70177 0.0429935
-1.69646 2.82743 0.0462941
-1.69646 2.9531 0.0486662
-1.69646 3.07876 0.0499073
-1.5708 -3.07876 0.0408389
-1.5708 -2.9531 0.0398233
-1.5708 -2.82743 0.0378822
-1.5708 -2.70177 0.0351813
-1.5708 -2.57611 0.0319354
-1.5708 -2.45044 0.028378
-1.5708 -2.32478 0.0247312
-1.5708 -2.19911 0.021184
-1.5708 -2.07345 0.0178785
-1.5708 -1.94779 0.0149064
-1.5708 -1.82212 0.0123135
-1.5708 -1.69646 0.010108
-1.5708 -1.5708 0.0082713
-1.5708 -1.44513 0.00676836
-1.5708 -1.31947 0.00555605
-1.5708 -1.19381 0.0045896
-1.5708 -1.06814 0.00382663
-1.5708 -0.942478 0.00322953
-1.5708 -0.816814 0.00276632
-1.5708 -0.69115 0.00241083
-1.5708 -0.565487 0.00214227
-1.5708 -0.439823 0.00194462
-1.5708 -0.314159 0.00180598
-1.5708 -0.188496 0.00171795
-1.5708 -0.0628319 0.00167523
-1.5708 0.0628319 0.00167523
-1.5708 0.188496 0.00171795
-1.5708 0.314159 0.00180598
-1.5708 0.439823 0.00194462
-1.5708 0.565487 0.00214227
-1.5708 0.69115 0.00241083
-1.5708 0.816814 0.00276632
-1.5708 0.942478 0.00322953
-1.5708 1.06814 0.00382663
-1.5708 1.19381 0.0045896
-1.5708 1.31947 0.00555605
-1.5708 1.44513 0.00676836
-1.5708 1.5708 0.0082713
-1.5708 1.69646 0.010108
-1.5708 1.82212 0.0123135
-1.5708 1.94779 0.0149064
-1.5708 2.07345 0.0178785
-1.5708 2.19911 0.021184
-1.5708 2.32478 0.0247312
-1.5708 2.45044 0.028378
-1.5708 2.57611 0.0319354
-1.5708 2.70177 0.0351813
-1.5708 2.82743 0.0378822
-1.5708 2.9531 0.0398233
-1.5708 3.07876 0.0408389
-1.44513 -3.07876 0.0334182
-1.44513 -2.9531 0.0325872
-1.44513 -2.82743 0.0309988
-1.44513 -2.70177 0.0287887
-1.44513 -2.57611 0.0261326
-1.44513 -2.45044 0.0232215
-1.44513 -2.32478 0.0202374
-1.44513 -2.19911 0.0173348
-1.44513 -2.07345 0.0146299
-1.44513 -1.94779 0.0121978
-1.44513 -1.82212 0.0100761
-1.44513 -1.69646 0.0082713
-1.44513 -1.5708 0.00676836
-1.44513 -1.44513 0.00553851
-1.44513 -1.31947 0.00454649
-1.44513 -1.19381 0.00375564
-1.44513 -1.06814 0.00313131
-1.44513 -0.942478 0.0026427
-1.44513 -0.816814 0.00226366
-1.44513 -0.69115 0.00197277
-1.44513 -0.565487 0.00175301
-1.44513 -0.439823 0.00159127
-1.44513 -0.314159 0.00147782
-1.44513 -0.188496 0.00140579
-1.44513 -0.0628319 0.00137083
-1.44513 0.0628319 0.00137083
-1.44513 0.188496 0.00140579
-1.44513 0.314159 0.00147782
-1.44513 0.439823 0.00159127
-1.44513 0.565487 0.00175301
-1.44513 0.69115 0.00197277
-1.44513 0.816814 0.00226366
-1.44513 0.942478 0.0026427
-1.44513 1.06814 0.00313131
-1.44513 1.19381 0.00375564
-1.44513 1.31947 0.00454649
-1.44513 1.44513 0.00553851
-1.44513 1.5708 0.00676836
-1.44513 1.69646 0.0082713
-1.44513 1.82212 0.0100761
-1.44513 1.94779 0.0121978
-1.44513 2.07345 0.0146299
-1.44513 2.19911 0.0173348
-1.44513 2.32478 0.0202374
-1.44513 2.45044 0.0232215
-1.44513 2.57611 0.0261326
-1.44513 2.70177 0.0287887
-1.44513 2.82743 0.0309988
-1.44513 2.9531 0.0325872
-1.44513 3.07876 0.0334182
-1.31947 -3.07876 0.0274326
-1.31947 -2.9531 0.0267503
-1.31947 -2.82743 0.0254465
-1.31947 -2.70177 0.0236322
-1.31947 -2.57611 0.0214519
-1.31947 -2.45044 0.0190622
-1.31947 -2.32478 0.0166126
-1.31947 -2.19911 0.0142299
-1.31947 -2.07345 0.0120094
-1.31947 -1.94779 0.010013
-1.31947 -1.82212 0.0082713
-1.31947 -1.69646 0.0067898
-1.31947 -1.5708 0.00555605
-1.31947 -1.44513 0.00454649
-1.31947 -1.31947 0.00373215
-1.31947 -1.19381 0.00308296
-1.31947 -1.06814 0.00257045
-1.31947 -0.942478 0.00216936
-1.31947 -0.816814 0.00185821
-1.31947 -0.69115 0.00161942
-1.31947 -0.565487 0.00143902
-1.31947 -0.439823 0.00130626
-1.31947 -0.314159 0.00121312
-1.31947 -0.188496 0.00115399
-1.31947 -0.0628319 0.00112529
-1.31947 0.0628319 0.00112529
-1.31947 0.188496 0.00115399
-1.31947 0.314159 0.00121312
-1.31947 0.439823 0.00130626
-1.31947 0.565487 0.00143902
-1.31947 0.69115 0.00161942
-1.31947 0.816814 0.00185821
-1.31947 0.942478 0.00216936
-1.31947 1.06814 0.00257045
-1.31947 1.19381 0.00308296
-1.31947 1.31947 0.00373215
-1.31947 1.44513 0.00454649
-1.31947 1.5708 0.00555605
-1.31947 1.69646 0.0067898
-1.31947 1.82212 0.0082713
-1.31947 1.94779 0.010013
-1.31947 2.07345 0.0120094
-1.31947 2.19911 0.0142299
-1.31947 2.32478 0.0166126
-1.31947 2.45044 0.0190622
-1.31947 2.57611 0.0214519
-1.31947 2.70177 0.0236322
-1.31947 2.82743 0.0254465
-1.31947 2.9531 0.0267503
-1.31947 3.07876 0.0274326
-1.19381 -3.07876 0.0226608
-1.19381 -2.9531 0.0220972
-1.19381 -2.82743 0.0210202
-1.19381 -2.70177 0.0195215
-1.19381 -2.57611 0.0177204
-1.19381 -2.45044 0.0157464
-1.19381 -2.32478 0.0137229
-1.19381 -2.19911 0.0117546
-1.19381 -2.07345 0.00992045
-1.19381 -1.94779 0.0082713
-1.19381 -1.82212 0.00683254
-1.19381 -1.69646 0.00560874
-1.19381 -1.5708 0.0045896
-1.19381 -1.44513 0.00375564
-1.19381 -1.31947 0.00308296
-1.19381 -1.19381 0.00254669
-1.19381 -1.06814 0.00212333
-1.19381 -0.942478 0.00179201
-1.19381 -0.816814 0.00153498
-1.19381 -0.69115 0.00133773
-1.19381 -0.565487 0.00118871
-1.19381 -0.439823 0.00107904
-1.19381 -0.314159 0.0010021
-1.19381 -0.188496 0.00095326
-1.19381 -0.0628319 0.000929554
-1.19381 0.0628319 0.000929554
-1.19381 0.188496 0.00095326
-1.19381 0.314159 0.0010021
-1.19381 0.439823 0.00107904
-1.19381 0.565487 0.00118871
-1.19381 0.69115 0.00133773
-1.19381 0.816814 0.00153498
-1.19381 0.942478 0.00179201
-1.19381 1.06814 0.00212333
-1.19381 1.19381 0.00254669
-1.19381 1.31947 0.00308296
-1.19381 1.44513 0.00375564
-1.19381 1.5708 0.0045896
-1.19381 1.69646 0.00560874
-1.19381 1.82212 0.00683254
-1.19381 1.94779 0.0082713
-1.19381 2.07345 0.00992045
-1.19381 2.19911 0.0117546
-1.19381 2.32478 0.0137229
-1.19381 2.45044 0.0157464
-1.19381 2.57611 0.0177204
-1.19381 2.70177 0.0195215
-1.19381 2.82743 0.0210202
-1.19381 2.9531 0.0220972
-1.19381 3.07876 0.0226608
-1.06814 -3.07876 0.0188937
-1.06814 -2.9531 0.0184238
-1.06814 -2.82743 0.0175258
-1.06814 -2.70177 0.0162763
-1.06814 -2.57611 0.0147746
-1.06814 -2.45044 0.0131288
-1.06814 -2.32478 0.0114417
-1.06814 -2.19911 0.00980059
-1.06814 -2.07345 0.0082713
-1.06814 -1.94779 0.0068963
-1.06814 -1.82212 0.00569671
-1.06814 -1.69646 0.00467636
-1.06814 -1.5708 0.00382663
-1.06814 -1.44513 0.00313131
-1.06814 -1.31947 0.00257045
-1.06814 -1.19381 0.00212333
-1.06814 -1.06814 0.00177035
-1.06814 -0.942478 0.00149411
-1.06814 -0.816814 0.00127981
-1.06814 -0.69115 0.00111535
-1.06814 -0.565487 0.000991101
-1.06814 -0.439823 0.000899661
-1.06814 -0.314159 0.000835517
-1.06814 -0.188496 0.000794793
-1.06814 -0.0628319 0.000775027
-1.06814 0.0628319 0.000775027
-1.06814 0.188496 0.000794793
-1.06814 0.314159 0.000835517
-1.06814 0.439823 0.000899661
-1.06814 0.565487 0.000991101
-1.06814 0.69115 0.00111535
-1.06814 0.816814 0.00127981
-1.06814 0.942478 0.00149411
-1.06814 1.06814 0.00177035
-1.06814 1.19381 0.00212333
-1.06814 1.31947 0.00257045
-1.06814 1.44513 0.00313131
-1.06814 1.5708 0.00382663
-1.06814 1.69646 0.00467636
-1.06814 1.82212 0.00569671
-1.06814 1.94779 0.0068963
-1.06814 2.07345 0.0082713
-1.06814 2.19911 0.00980059
-1.06814 2.32478 0.0114417
-1.06814 2.45044 0.0131288
-1.06814 2.57611 0.0147746
-1.06814 2.70177 0.0162763
-1.06814 2.82743 0.0175258
-1.06814 2.9531 0.0184238
-1.06814 3.07876 0.0188937
-0.942478 -3.07876 0.0159455
-0.942478 -2.9531 0.015549
-0.942478 -2.82743 0.0147911
-0.942478 -2.70177 0.0137365
-0.942478 -2.57611 0.0124692
-0.942478 -2.45044 0.0110802
-0.942478 -2.32478 0.0096563
-0.942478 -2.19911 0.0082713
-0.942478 -2.07345 0.00698064
-0.942478 -1.94779 0.0058202
-0.942478 -1.82212 0.0048078
-0.942478 -1.69646 0.00394666
-0.942478 -1.5708 0.00322953
-0.942478 -1.44513 0.0026427
-0.942478 -1.31947 0.00216936
-0.942478 -1.19381 0.00179201
-0.942478 -1.06814 0.00149411
-0.942478 -0.942478 0.00126097
-0.942478 -0.816814 0.00108011
-0.942478 -0.69115 0.000941307
-0.942478 -0.565487 0.000836449
-0.942478 -0.439823 0.000759277
-0.942478 -0.314159 0.000705143
-0.942478 -0.188496 0.000670773
-0.942478 -0.0628319 0.000654092
-0.942478 0.0628319 0.000654092
-0.942478 0.188496 0.000670773
-0.942478 0.314159 0.000705143
-0.942478 0.439823 0.000759277
-0.942478 0.565487 0.000836449
-0.942478 0.69115 0.000941307
-0.942478 0.816814 0.00108011
-0.942478 0.942478 0.00126097
-0.942478 1.06814 0.00149411
-0.942478 1.19381 0.00179201
-0.942478 1.31947 0.00216936
-0.942478 1.44513 0.0026427
-0.942478 1.5708 0.00322953
-0.942478 1.69646 0.00394666
-0.942478 1.82212 0.0048078
-0.942478 1.94779 0.0058202
-0.942478 2.07345 0.00698064
-0.942478 2.19911 0.0082713
-0.942478 2.32478 0.0096563
-0.942478 2.45044 0.0110802
-0.942478 2.57611 0.0124692
-0.942478 2.70177 0.0137365
-0.942478 2.82743 0.0147911
-0.942478 2.9531 0.015549
-0.942478 3.07876 0.0159455
-0.816814 -3.07876 0.0136585
-0.816814 -2.9531 0.0133188
-0.816814 -2.82743 0.0126696
-0.816814 -2.70177 0.0117663
-0.816814 -2.57611 0.0106807
-0.816814 -2.45044 0.00949094
-0.816814 -2.32478 0.0082713
-0.816814 -2.19911 0.00708495
-0.816814 -2.07345 0.00597941
-0.816814 -1.94779 0.00498541
-0.816814 -1.82212 0.00411822
-0.816814 -1.69646 0.00338059
-0.816814 -1.5708 0.00276632
-0.816814 -1.44513 0.00226366
-0.816814 -1.31947 0.00185821
-0.816814 -1.19381 0.00153498
-0.816814 -1.06814 0.00127981
-0.816814 -0.942478 0.00108011
-0.816814 -0.816814 0.000925187
-0.816814 -0.69115 0.000806296
-0.816814 -0.565487 0.000716478
-0.816814 -0.439823 0.000650374
-0.816814 -0.314159 0.000604004
-0.816814 -0.188496 0.000574564
-0.816814 -0.0628319 0.000560276
-0.816814 0.0628319 0.000560276
-0.816814 0.188496 0.000574564
-0.816814 0.314159 0.000604004
-0.816814 0.439823 0.000650374
-0.816814 0.565487 0.000716478
-0.816814 0.69115 0.000806296
-0.816814 0.816814 0.000925187
-0.816814 0.942478 0.00108011
-0.816814 1.06814 0.00127981
-0.816814 1.19381 0.00153498
-0.816814 1.31947 0.00185821
-0.816814 1.44513 0.00226366
-0.816814 1.5708 0.00276632
-0.816814 1.69646 0.00338059
-0.816814 1.82212 0.00411822
-0.816814 1.94779 0.00498541
-0.816814 2.07345 0.00597941
-0.816814 2.19911 0.00708495
-0.816814 2.32478 0.0082713
-0.816814 2.45044 0.00949094
-0.816814 2.57611 0.0106807
-0.816814 2.70177 0.0117663
-0.816814 2.82743 0.0126696
-0.816814 2.9531 0.0133188
-0.816814 3.07876 0.0136585
-0.69115 -3.07876 0.0119033
-0.69115 -2.9531 0.0116073
-0.69115 -2.82743 0.0110415
-0.69115 -2.70177 0.0102543
-0.69115 -2.57611 0.00930819
-0.69115 -2.45044 0.0082713
-0.69115 -2.32478 0.00720839
-0.69115 -2.19911 0.00617449
-0.69115 -2.07345 0.00521102
-0.69115 -1.94779 0.00434476
-0.69115 -1.82212 0.003589
-0.69115 -1.69646 0.00294616
-0.69115 -1.5708 0.00241083
-0.69115 -1.44513 0.00197277
-0.69115 -1.31947 0.00161942
-0.69115 -1.19381 0.00133773
-0.69115 -1.06814 0.00111535
-0.69115 -0.942478 0.000941307
-0.69115 -0.816814 0.000806296
-0.69115 -0.69115 0.000702682
-0.69115 -0.565487 0.000624406
-0.69115 -0.439823 0.000566798
-0.69115 -0.314159 0.000526386
-0.69115 -0.188496 0.00050073
-0.69115 -0.0628319 0.000488277
-0.69115 0.0628319 0.000488277
-0.69115 0.188496 0.00050073
-0.69115 0.314159 0.000526386
-0.69115 0.439823 0.000566798
-0.69115 0.565487 0.000624406
-0.69115 0.69115 0.000702682
-0.69115 0.816814 0.000806296
-0.69115 0.942478 0.000941307
-0.69115 1.06814 0.00111535
-0.69115 1.19381 0.00133773
-0.69115 1.31947 0.00161942
-0.69115 1.44513 0.00197277
-0.69115 1.5708 0.00241083
-0.69115 1.69646 0.00294616
-0.69115 1.82212 0.003589
-0.69115 1.94779 0.00434476
-0.69115 2.07345 0.00521102
-0.69115 2.19911 0.00617449
-0.69115 2.32478 0.00720839
-0.69115 2.45044 0.0082713
-0.69115 2.57611 0.00930819
-0.69115 2.70177 0.0102543
-0.69115 2.82743 0.0110415
-0.69115 2.9531 0.0116073
-0.69115 3.07876 0.0119033
-0.565487 -3.07876 0.0105773
-0.565487 -2.9531 0.0103143
-0.565487 -2.82743 0.00981152
-0.565487 -2.70177 0.00911198
-0.565487 -2.57611 0.0082713
-0.565487 -2.45044 0.00734991
-0.565487 -2.32478 0.00640541
-0.565487 -2.19911 0.00548668
-0.565487 -2.07345 0.00463054
-0.565487 -1.94779 0.00386077
-0.565487 -1.82212 0.0031892
-0.565487 -1.69646 0.00261797
-0.565487 -1.5708 0.00214227
-0.565487 -1.44513 0.00175301
-0.565487 -1.31947 0.00143902
-0.565487 -1.19381 0.00118871
-0.565487 -1.06814 0.000991101
-0.565487 -0.942478 0.000836449
-0.565487 -0.816814 0.000716478
-0.565487 -0.69115 0.000624406
-0.565487 -0.565487 0.00055485
-0.565487 -0.439823 0.000503659
-0.565487 -0.314159 0.000467749
-0.565487 -0.188496 0.00044495
-0.565487 -0.0628319 0.000433885
-0.565487 0.0628319 0.000433885
-0.565487 0.188496 0.00044495
-0.565487 0.314159 0.000467749
-0.565487 0.439823 0.000503659
-0.565487 0.565487 0.00055485
-0.565487 0.69115 0.000624406
-0.565487 0.816814 0.000716478
-0.565487 0.942478 0.000836449
-0.565487 1.06814 0.000991101
-0.565487 1.19381 0.00118871
-0.565487 1.31947 0.00143902
-0.565487 1.44513 0.00175301
-0.565487 1.5708 0.00214227
-0.565487 1.69646 0.00261797
-0.565487 1.82212 0.0031892
-0.565487 1.94779 0.00386077
-0.565487 2.07345 0.00463054
-0.565487 2.19911 0.00548668
-0.565487 2.32478 0.00640541
-0.565487 2.45044 0.00734991
-0.565487 2.57611 0.0082713
-0.565487 2.70177 0.00911198
-0.565487 2.82743 0.00981152
-0.565487 2.9531 0.0103143
-0.565487 3.07876 0.0105773
-0.439823 -3.07876 0.00960142
-0.439823 -2.9531 0.00936265
-0.439823 -2.82743 0.0089063
-0.439823 -2.70177 0.0082713
-0.439823 -2.57611 0.00750818
-0.439823 -2.45044 0.0066718
-0.439823 -2.32478 0.00581444
-0.439823 -2.19911 0.00498047
-0.439823 -2.07345 0.00420332
-0.439823 -1.94779 0.00350457
-0.439823 -1.82212 0.00289496
-0.439823 -1.69646 0.00237644
-0.439823 -1.5708 0.00194462
-0.439823 -1.44513 0.00159127
-0.439823 -1.31947 0.00130626
-0.439823 -1.19381 0.00107904
-0.439823 -1.06814 0.000899661
-0.439823 -0.942478 0.000759277
-0.439823 -0.816814 0.000650374
-0.439823 -0.69115 0.000566798
-0.439823 -0.565487 0.000503659
-0.439823 -0.439823 0.000457191
-0.439823 -0.314159 0.000424594
-0.439823 -0.188496 0.000403899
-0.439823 -0.0628319 0.000393854
-0.439823 0.0628319 0.000393854
-0.439823 0.188496 0.000403899
-0.439823 0.314159 0.000424594
-0.439823 0.439823 0.000457191
-0.439823 0.565487 0.000503659
-0.439823 0.69115 0.000566798
-0.439823 0.816814 0.000650374
-0.439823 0.942478 0.000759277
-0.439823 1.06814 0.000899661
-0.439823 1.19381 0.00107904
-0.439823 1.31947 0.00130626
-0.439823 1.44513 0.00159127
-0.439823 1.5708 0.00194462
-0.439823 1.69646 0.00237644
-0.439823 1.82212 0.00289496
-0.439823 1.94779 0.00350457
-0.439823 2.07345 0.00420332
-0.439823 2.19911 0.00498047
-0.439823 2.32478 0.00581444
-0.439823 2.45044 0.0066718
-0.439823 2.57611 0.00750818
-0.439823 2.70177 0.0082713
-0.439823 2.82743 0.0089063
-0.439823 2.9531 0.00936265
-0.439823 3.07876 0.00960142
-0.314159 -3.07876 0.00891686
-0.314159 -2.9531 0.00869511
-0.314159 -2.82743 0.0082713
-0.314159 -2.70177 0.00768157
-0.314159 -2.57611 0.00697286
-0.314159 -2.45044 0.00619611
-0.314159 -2.32478 0.00539988
-0.314159 -2.19911 0.00462538
-0.314159 -2.07345 0.00390363
-0.314159 -1.94779 0.0032547
-0.314159 -1.82212 0.00268856
-0.314159 -1.69646 0.002207
-0.314159 -1.5708 0.00180598
-0.314159 -1.44513 0.00147782
-0.314159 -1.31947 0.00121312
-0.314159 -1.19381 0.0010021
-0.314159 -1.06814 0.000835517
-0.314159 -0.942478 0.000705143
-0.314159 -0.816814 0.000604004
-0.314159 -0.69115 0.000526386
-0.314159 -0.565487 0.000467749
-0.314159 -0.439823 0.000424594
-0.314159 -0.314159 0.000394321
-0.314159 -0.188496 0.000375102
-0.314159 -0.0628319 0.000365773
-0.314159 0.0628319 0.000365773
-0.314159 0.188496 0.000375102
-0.314159 0.314159 0.000394321
-0.314159 0.439823 0.000424594
-0.314159 0.565487 0.000467749
-0.314159 0.69115 0.000526386
-0.314159 0.816814 0.000604004
-0.314159 0.942478 0.000705143
-0.314159 1.06814 0.000835517
-0.314159 1.19381 0.0010021
-0.314159 1.31947 0.00121312
-0.314159 1.44513 0.00147782
-0.314159 1.5708 0.00180598
-0.314159 1.69646 0.002207
-0.314159 1.82212 0.00268856
-0.314159 1.94779 0.0032547
-0.314159 2.07345 0.00390363
-0.314159 2.19911 0.00462538
-0.314159 2.32478 0.00539988
-0.314159 2.45044 0.00619611
-0.314159 2.57611 0.00697286
-0.314159 2.70177 0.00768157
-0.314159 2.82743 0.0082713
-0.314159 2.9531 0.00869511
-0.314159 3.07876 0.00891686
-0.188496 -3.07876 0.00848224
-0.188496 -2.9531 0.0082713
-0.188496 -2.82743 0.00786815
-0.188496 -2.70177 0.00730717
-0.188496 -2.57611 0.006633
-0.188496 -2.45044 0.00589411
-0.188496 -2.32478 0.00513668
-0.188496 -2.19911 0.00439993
-0.188496 -2.07345 0.00371336
-0.188496 -1.94779 0.00309606
-0.188496 -1.82212 0.00255751
-0.188496 -1.69646 0.00209943
-0.188496 -1.5708 0.00171795
-0.188496 -1.44513 0.00140579
-0.188496 -1.31947 0.00115399
-0.188496 -1.19381 0.00095326
-0.188496 -1.06814 0.000794793
-0.188496 -0.942478 0.000670773
-0.188496 -0.816814 0.000574564
-0.188496 -0.69115 0.00050073
-0.188496 -0.565487 0.00044495
-0.188496 -0.439823 0.000403899
-0.188496 -0.314159 0.000375102
-0.188496 -0.188496 0.000356819
-0.188496 -0.0628319 0.000347945
-0.188496 0.0628319 0.000347945
-0.188496 0.188496 0.000356819
-0.188496 0.314159 0.000375102
-0.188496 0.439823 0.000403899
-0.188496 0.565487 0.00044495
-0.188496 0.69115 0.00050073
-0.188496 0.816814 0.000574564
-0.188496 0.942478 0.000670773
-0.188496 1.06814 0.000794793
-0.188496 1.19381 0.00095326
-0.188496 1.31947 0.00115399
-0.188496 1.44513 0.00140579
-0.188496 1.5708 0.00171795
-0.188496 1.69646 0.00209943
-0.188496 1.82212 0.00255751
-0.188496 1.94779 0.00309606
-0.188496 2.07345 0.00371336
-0.188496 2.19911 0.00439993
-0.188496 2.32478 0.00513668
-0.188496 2.45044 0.00589411
-0.188496 2.57611 0.006633
-0.188496 2.70177 0.00730717
-0.188496 2.82743 0.00786815
-0.188496 2.9531 0.0082713
-0.188496 3.07876 0.00848224
-0.0628319 -3.07876 0.0082713
-0.0628319 -2.9531 0.0080656
-0.0628319 -2.82743 0.00767248
-0.0628319 -2.70177 0.00712545
-0.0628319 -2.57611 0.00646804
-0.0628319 -2.45044 0.00574753
-0.0628319 -2.32478 0.00500894
-0.0628319 -2.19911 0.00429051
-0.0628319 -2.07345 0.00362102
-0.0628319 -1.94779 0.00301907
-0.0628319 -1.82212 0.00249391
-0.0628319 -1.69646 0.00204722
-0.0628319 -1.5708 0.00167523
-0.0628319 -1.44513 0.00137083
-0.0628319 -1.31947 0.00112529
-0.0628319 -1.19381 0.000929554
-0.0628319 -1.06814 0.000775027
-0.0628319 -0.942478 0.000654092
-0.0628319 -0.816814 0.000560276
-0.0628319 -0.69115 0.000488277
-0.0628319 -0.565487 0.000433885
-0.0628319 -0.439823 0.000393854
-0.0628319 -0.314159 0.000365773
-0.0628319 -0.188496 0.000347945
-0.0628319 -0.0628319 0.000339292
-0.0628319 0.0628319 0.000339292
-0.0628319 0.188496 0.000347945
-0.0628319 0.314159 0.000365773
-0.0628319 0.439823 0.000393854
-0.0628319 0.565487 0.000433885
-0.0628319 0.69115 0.000488277
-0.0628319 0.816814 0.000560276
-0.0628319 0.942478 0.000654092
-0.0628319 1.06814 0.000775027
-0.0628319 1.19381 0.000929554
-0.0628319 1.31947 0.00112529
-0.0628319 1.44513 0.00137083
-0.0628319 1.5708 0.00167523
-0.0628319 1.69646 0.00204722
-0.0628319 1.82212 0.00249391
-0.0628319 1.94779 0.00301907
-0.0628319 2.07345 0.00362102
-0.0628319 2.19911 0.00429051
-0.0628319 2.32478 0.00500894
-0.0628319 2.45044 0.00574753
-0.0628319 2.57611 0.00646804
-0.0628319 2.70177 0.00712545
-0.0628319 2.82743 0.00767248
-0.0628319 2.9531 0.0080656
-0.0628319 3.07876 0.0082713
0.0628319 -3.07876 0.0082713
0.0628319 -2.9531 0.0080656
0.0628319 -2.82743 0.00767248
0.0628319 -2.70177 0.00712545
0.0628319 -2.57611 0.00646804
0.0628319 -2.45044 0.00574753
0.0628319 -2.32478 0.00500894
0.0628319 -2.19911 0.00429051
0.0628319 -2.07345 0.00362102
0.0628319 -1.94779 0.00301907
0.0628319 -1.82212 0.00249391
0.0628319 -1.69646 0.00204722
0.0628319 -1.5708 0.00167523
0.0628319 -1.44513 0.00137083
0.0628319 -1.31947 0.00112529
0.0628319 -1.19381 0.000929554
0.0628319 -1.06814 0.000775027
0.0628319 -0.942478 0.000654092
0.0628319 -0.816814 0.000560276
0.0628319 -0.69115 0.000488277
0.0628319 -0.565487 0.000433885
0.0628319 -0.439823 0.000393854
0.0628319 -0.314159 0.000365773
0.0628319 -0.188496 0.000347945
0.0628319 -0.0628319 0.000339292
0.0628319 0.0628319 0.000339292
0.0628319 0.188496 0.000347945
0.0628319 0.314159 0.000365773
0.0628319 0.439823 0.000393854
0.0628319 0.565487 0.000433885
0.0628319 0.69115 0.000488277
0.0628319 0.816814 0.000560276
0.0628319 0.942478 0.000654092
0.0628319 1.06814 0.000775027
0.0628319 1.19381 0.000929554
0.0628319 1.31947 0.00112529
0.0628319 1.44513 0.00137083
0.0628319 1.5708 0.00167523
0.0628319 1.69646 0.00204722
0.0628319 1.82212 0.00249391
0.0628319 1.94779 0.00301907
0.0628319 2.07345 0.00362102
0.0628319 2.19911 0.00429051
0.0628319 2.32478 0.00500894
0.0628319 2.45044 0.00574753
0.0628319 2.57611 0.00646804
0.0628319 2.70177 0.00712545
0.0628319 2.82743 0.00767248
0.0628319 2.9531 0.0080656
0.0628319 3.07876 0.0082713
0.188496 -3.07876 0.00848224
0.188496 -2.9531 0.0082713
0.188496 -2.82743 0.00786815
0.188496 -2.70177 0.00730717
0.188496 -2.57611 0.006633
0.188496 -2.45044 0.00589411
0.188496 -2.32478 0.00513668
0.188496 -2.19911 0.00439993
0.188496 -2.07345 0.00371336
0.188496 -1.94779 0.00309606
0.188496 -1.82212 0.00255751
0.188496 -1.69646 0.00209943
0.188496 -1.5708 0.00171795
0.188496 -1.44513 0.00140579
0.188496 -1.31947 0.00115399
0.188496 -1.19381 0.00095326
0.188496 -1.06814 0.000794793
0.188496 -0.942478 0.000670773
0.188496 -0.816814 0.000574564
0.188496 -0.69115 0.00050073
0.188496 -0.565487 0.00044495
0.188496 -0.439823 0.000403899
0.188496 -0.314159 0.000375102
0.188496 -0.188496 0.000356819
0.188496 -0.0628319 0.000347945
0.188496 0.0628319 0.000347945
0.188496 0.188496 0.000356819
0.188496 0.314159 0.000375102
0.188496 0.439823 0.000403899
0.188496 0.565487 0.00044495
0.188496 0.69115 0.00050073
0.188496 0.816814 0.000574564
0.188496 0.942478 0.000670773
0.188496 1.06814 0.000794793
0.188496 1.19381 0.00095326
0.188496 1.31947 0.00115399
0.188496 1.44513 0.00140579
0.188496 1.5708 0.00171795
0.188496 1.69646 0.00209943
0.188496 1.82212 0.00255751
0.188496 1.94779 0.00309606
0.188496 2.07345 0.00371336
0.188496 2.19911 0.00439993
0.188496 2.32478 0.00513668
0.188496 2.45044 0.00589411
0.188496 2.57611 0.006633
0.188496 2.70177 0.00730717
0.188496 2.82743 0.00786815
0.188496 2.9531 0.0082713
0.188496 3.07876 0.00848224
0.314159 -3.07876 0.00891686
0.314159 -2.9531 0.00869511
0.314159 -2.82743 0.0082713
0.314159 -2.70177 0.00768157
0.314159 -2.57611 0.00697286
0.314159 -2.45044 0.00619611
0.314159 -2.32478 0.00539988
0.314159 -2.19911 0.00462538
0.314159 -2.07345 0.00390363
0.314159 -1.94779 0.0032547
0.314159 -1.82212 0.00268856
0.314159 -1.69646 0.002207
0.314159 -1.5708 0.00180598
0.314159 -1.44513 0.00147782
0.314159 -1.31947 0.00121312
0.314159 -1.19381 0.0010021
0.314159 -1.06814 0.000835517
0.314159 -0.942478 0.000705143
0.314159 -0.816814 0.000604004
0.314159 -0.69115 0.000526386
0.314159 -0.565487 0.000467749
0.314159 -0.439823 0.000424594
0.314159 -0.314159 0.000394321
0.314159 -0.188496 0.000375102
0.314159 -0.0628319 0.000365773
0.314159 0.0628319 0.000365773
0.314159 0.188496 0.000375102
0.314159 0.314159 0.000394321
0.314159 0.439823 0.000424594
0.314159 0.565487 0.000467749
0.314159 0.69115 0.000526386
0.314159 0.816814 0.000604004
0.314159 0.942478 0.000705143
0.314159 1.06814 0.000835517
0.314159 1.19381 0.0010021
0.314159 1.31947 0.00121312
0.314159 1.44513 0.00147782
0.314159 1.5708 0.00180598
0.314159 1.69646 0.002207
0.314159 1.82212 0.00268856
0.314159 1.94779 0.0032547
0.314159 2.07345 0.00390363
0.314159 2.19911 0.00462538
0.314159 2.32478 0.00539988
0.314159 2.45044 0.00619611
0.314159 2.57611 0.00697286
0.314159 2.70177 0.00768157
0.314159 2.82743 0.0082713
0.314159 2.9531 0.00869511
0.314159 3.07876 0.00891686
0.439823 -3.07876 0.00960142
0.439823 -2.9531 0.00936265
0.439823 -2.82743 0.0089063
0.439823 -2.70177 0.0082713
0.439823 -2.57611 0.00750818
0.439823 -2.45044 0.0066718
0.439823 -2.32478 0.00581444
0.439823 -2.19911 0.00498047
0.439823 -2.07345 0.00420332
0.439823 -1.94779 0.00350457
0.439823 -1.82212 0.00289496
0.439823 -1.69646 0.00237644
0.439823 -1.5708 0.00194462
0.439823 -1.44513 0.00159127
0.439823 -1.31947 0.00130626
0.439823 -1.19381 0.00107904
0.439823 -1.06814 0.000899661
0.439823 -0.942478 0.000759277
0.439823 -0.816814 0.000650374
0.439823 -0.69115 0.000566798
0.439823 -0.565487 0.000503659
0.439823 -0.439823 0.000457191
0.439823 -0.314159 0.000424594
0.439823 -0.188496 0.000403899
0.439823 -0.0628319 0.000393854
0.439823 0.0628319 0.000393854
0.439823 0.188496 0.000403899
0.439823 0.314159 0.000424594
0.439823 0.439823 0.000457191
0.439823 0.565487 0.000503659
0.439823 0.69115 0.000566798
0.439823 0.816814 0.000650374
0.439823 0.942478 0.000759277
0.439823 1.06814 0.000899661
0.439823 1.19381 0.00107904
0.439823 1.31947 0.00130626
0.439823 1.44513 0.00159127
0.439823 1.5708 0.00194462
0.439823 1.69646 0.00237644
0.439823 1.82212 0.00289496
0.439823 1.94779 0.00350457
0.439823 2.07345 0.00420332
0.439823 2.19911 0.00498047
0.439823 2.32478 0.00581444
0.439823 2.45044 0.0066718
0.439823 2.57611 0.00750818
0.439823 2.70177 0.0082713
0.439823 2.82743 0.0089063
0.439823 2.9531 0.00936265
0.439823 3.07876 0.00960142
0.565487 -3.07876 0.0105773
0.565487 -2.9531 0.0103143
0.565487 -2.82743 0.00981152
0.565487 -2.70177 0.00911198
0.565487 -2.57611 0.0082713
0.565487 -2.45044 0.00734991
0.565487 -2.32478 0.00640541
0.565487 -2.19911 0.00548668
0.565487 -2.07345 0.00463054
0.565487 -1.94779 0.00386077
0.565487 -1.82212 0.0031892
0.565487 -1.69646 0.00261797
0.565487 -1.5708 0.00214227
0.565487 -1.44513 0.00175301
0.565487 -1.31947 0.00143902
0.565487 -1.19381 0.00118871
0.565487 -1.06814 0.000991101
0.565487 -0.942478 0.000836449
0.565487 -0.816814 0.000716478
0.565487 -0.69115 0.000624406
0.565487 -0.565487 0.00055485
0.565487 -0.439823 0.000503659
0.565487 -0.314159 0.000467749
0.565487 -0.188496 0.00044495
0.565487 -0.0628319 0.000433885
0.565487 0.0628319 0.000433885
0.565487 0.188496 0.00044495
0.565487 0.314159 0.000467749
0.565487 0.439823 0.000503659
0.565487 0.565487 0.00055485
0.565487 0.69115 0.000624406
0.565487 0.816814 0.000716478
0.565487 0.942478 0.000836449
0.565487 1.06814 0.000991101
0.565487 1.19381 0.00118871
0.565487 1.31947 0.00143902
0.565487 1.44513 0.00175301
0.565487 1.5708 0.00214227
0.565487 1.69646 0.00261797
0.565487 1.82212 0.0031892
0.565487 1.94779 0.00386077
0.565487 2.07345 0.00463054
0.565487 2.19911 0.00548668
0.565487 2.32478 0.00640541
0.565487 2.45044 0.00734991
0.565487 2.57611 0.0082713
0.565487 2.70177 0.00911198
0.565487 2.82743 0.00981152
0.565487 2.9531 0.0103143
0.565487 3.07876 0.0105773
0.69115 -3.07876 0.0119033
0.69115 -2.9531 0.0116073
0.69115 -2.82743 0.0110415
0.69115 -2.70177 0.0102543
0.69115 -2.57611 0.00930819
0.69115 -2.45044 0.0082713
0.69115 -2.32478 0.00720839
0.69115 -2.19911 0.00617449
0.69115 -2.07345 0.00521102
0.69115 -1.94779 0.00434476
0.69115 -1.82212 0.003589
0.69115 -1.69646 0.00294616
0.69115 -1.5708 0.00241083
0.69115 -1.44513 0.00197277
0.69115 -1.31947 0.00161942
0.69115 -1.19381 0.00133773
0.69115 -1.06814 0.00111535
0.69115 -0.942478 0.000941307
0.69115 -0.816814 0.000806296
0.69115 -0.69115 0.000702682
0.69115 -0.565487 0.000624406
0.69115 -0.439823 0.000566798
0.69115 -0.314159 0.000526386
0.69115 -0.188496 0.00050073
0.69115 -0.0628319 0.000488277
0.69115 0.0628319 0.000488277
0.69115 0.188496 0.00050073
0.69115 0.314159 0.000526386
0.69115 0.439823 0.000566798
0.69115 0.565487 0.000624406
0.69115 0.69115 0.000702682
0.69115 0.816814 0.000806296
0.69115 0.942478 0.000941307
0.69115 1.06814 0.00111535
0.69115 1.19381 0.00133773
0.69115 1.31947 0.00161942
0.69115 1.44513 0.00197277
0.69115 1.5708 0.00241083
0.69115 1.69646 0.00294616
0.69115 1.82212 0.003589
0.69115 1.94779 0.00434476
0.69115 2.07345 0.00521102
0.69115 2.19911 0.00617449
0.69115 2.32478 0.00720839
0.69115 2.45044 0.0082713
0.69115 2.57611 0.00930819
0.69115 2.70177 0.0102543
0.69115 2.82743 0.0110415
0.69115 2.9531 0.0116073
0.69115 3.07876 0.0119033
0.816814 -3.07876 0.0136585
0.816814 -2.9531 0.0133188
0.816814 -2.82743 0.0126696
0.816814 -2.70177 0.0117663
0.816814 -2.57611 0.0106807
0.816814 -2.45044 0.00949094
0.816814 -2.32478 0.0082713
0.816814 -2.19911 0.00708495
0.816814 -2.07345 0.00597941
0.816814 -1.94779 0.00498541
0.816814 -1.82212 0.00411822
0.816814 -1.69646 0.00338059
0.816814 -1.5708 0.00276632
0.816814 -1.44513 0.00226366
0.816814 -1.31947 0.00185821
0.816814 -1.19381 0.00153498
0.816814 -1.06814 0.00127981
0.816814 -0.942478 0.00108011
0.816814 -0.816814 0.000925187
0.816814 -0.69115 0.000806296
0.816814 -0.565487 0.000716478
0.816814 -0.439823 0.000650374
0.816814 -0.314159 0.000604004
0.816814 -0.188496 0.000574564
0.816814 -0.0628319 0.000560276
0.816814 0.0628319 0.000560276
0.816814 0.188496 0.000574564
0.816814 0.314159 0.000604004
0.816814 0.439823 0.000650374
0.816814 0.565487 0.000716478
0.816814 0.69115 0.000806296
0.816814 0.816814 0.000925187
0.816814 0.942478 0.00108011
0.816814 1.06814 0.00127981
0.816814 1.19381 0.00153498
0.816814 1.31947 0.00185821
0.816814 1.44513 0.00226366
0.816814 1.5708 0.00276632
0.816814 1.69646 0.00338059
0.816814 1.82212 0.00411822
0.816814 1.94779 0.00498541
0.816814 2.07345 0.00597941
0.816814 2.19911 0.00708495
0.816814 2.32478 0.0082713
0.816814 2.45044 0.00949094
0.816814 2.57611 0.0106807
0.816814 2.70177 0.0117663
0.816814 2.82743 0.0126696
0.816814 2.9531 0.0133188
0.816814 3.07876 0.0136585
0.942478 -3.07876 0.0159455
0.942478 -2.9531 0.015549
0.942478 -2.82743 0.0147911
0.942478 -2.70177 0.0137365
0.942478 -2.57611 0.0124692
0.942478 -2.45044 0.0110802
0.942478 -2.32478 0.0096563
0.942478 -2.19911 0.0082713
0.942478 -2.07345 0.00698064
0.942478 -1.94779 0.0058202
0.942478 -1.82212 0.0048078
0.942478 -1.69646 0.00394666
0.942478 -1.5708 0.00322953
0.942478 -1.44513 0.0026427
0.942478 -1.31947 0.00216936
0.942478 -1.19381 0.00179201
0.942478 -1.06814 0.00149411
0.942478 -0.942478 0.00126097
0.942478 -0.816814 0.00108011
0.942478 -0.69115 0.000941307
0.942478 -0.565487 0.000836449
0.942478 -0.439823 0.000759277
0.942478 -0.314159 0.000705143
0.942478 -0.188496 0.000670773
0.942478 -0.0628319 0.000654092
0.942478 0.0628319 0.000654092
0.942478 0.188496 0.000670773
0.942478 0.314159 0.000705143
0.942478 0.439823 0.000759277
0.942478 0.565487 0.000836449
0.942478 0.69115 0.000941307
0.942478 0.816814 0.00108011
0.942478 0.942478 0.00126097
0.942478 1.06814 0.00149411
0.942478 1.19381 0.00179201
0.942478 1.31947 0.00216936
0.942478 1.44513 0.0026427
0.942478 1.5708 0.00322953
0.942478 1.69646 0.00394666
0.942478 1.82212 0.0048078
0.942478 1.94779 0.0058202
0.942478 2.07345 0.00698064
0.942478 2.19911 0.0082713
0.942478 2.32478 0.0096563
0.942478 2.45044 0.0110802
0.942478 2.57611 0.0124692
0.942478 2.70177 0.0137365
0.942478 2.82743 0.0147911
0.942478 2.9531 0.015549
0.942478 3.07876 0.0159455
1.06814 -3.07876 0.0188937
1.06814 -2.9531 0.0184238
1.06814 -2.82743 0.0175258
1.06814 -2.70177 0.0162763
1.06814 -2.57611 0.0147746
1.06814 -2.45044 0.0131288
1.06814 -2.32478 0.0114417
1.06814 -2.19911 0.00980059
1.06814 -2.07345 0.0082713
1.06814 -1.94779 0.0068963
1.06814 -1.82212 0.00569671
1.06814 -1.69646 0.00467636
1.06814 -1.5708 0.00382663
1.06814 -1.44513 0.00313131
1.06814 -1.31947 0.00257045
1.06814 -1.19381 0.00212333
1.06814 -1.06814 0.00177035
1.06814 -0.942478 0.00149411
1.06814 -0.816814 0.00127981
1.06814 -0.69115 0.00111535
1.06814 -0.565487 0.000991101
1.06814 -0.439823 0.000899661
1.06814 -0.314159 0.000835517
1.06814 -0.188496 0.000794793
1.06814 -0.0628319 0.000775027
1.06814 0.0628319 0.000775027
1.06814 0.188496 0.000794793
1.06814 0.314159 0.000835517
1.06814 0.439823 0.000899661
1.06814 0.565487 0.000991101
1.06814 0.69115 0.00111535
1.06814 0.816814 0.00127981
1.06814 0.942478 0.00149411
1.06814 1.06814 0.00177035
1.06814 1.19381 0.00212333
1.06814 1.31947 0.00257045
1.06814 1.44513 0.00313131
1.06814 1.5708 0.00382663
1.06814 1.69646 0.00467636
1.06814 1.82212 0.00569671
1.06814 1.94779 0.0068963
1.06814 2.07345 0.0082713
1.06814 2.19911 0.00980059
1.06814 2.32478 0.0114417
1.06814 2.45044 0.0131288
1.06814 2.57611 0.0147746
1.06814 2.70177 0.0162763
1.06814 2.82743 0.0175258
1.06814 2.9531 0.0184238
1.06814 3.07876 0.0188937
1.19381 -3.07876 0.0226608
1.19381 -2.9531 0.0220972
1.19381 -2.82743 0.0210202
1.19381 -2.70177 0.0195215
1.19381 -2.57611 0.0177204
1.19381 -2.45044 0.0157464
1.19381 -2.32478 0.0137229
1.19381 -2.19911 0.0117546
1.19381 -2.07345 0.00992045
1.19381 -1.94779 0.0082713
1.19381 -1.82212 0.00683254
1.19381 -1.69646 0.00560874
1.19381 -1.5708 0.0045896
1.19381 -1.44513 0.00375564
1.19381 -1.31947 0.00308296
1.19381 -1.19381 0.00254669
1.19381 -1.06814 0.00212333
1.19381 -0.942478 0.00179201
1.19381 -0.816814 0.00153498
1.19381 -0.69115 0.00133773
1.19381 -0.565487 0.00118871
1.19381 -0.439823 0.00107904
1.19381 -0.314159 0.0010021
1.19381 -0.188496 0.00095326
1.19381 -0.0628319 0.000929554
1.19381 0.0628319 0.000929554
1.19381 0.188496 0.00095326
1.19381 0.314159 0.0010021
1.19381 0.439823 0.00107904
1.19381 0.565487 0.00118871
1.19381 0.69115 0.00133773
1.19381 0.816814 0.00153498
1.19381 0.942478 0.00179201
1.19381 1.06814 0.00212333
1.19381 1.19381 0.00254669
1.19381 1.31947 0.00308296
1.19381 1.44513 0.00375564
1.19381 1.5708 0.0045896
1.19381 1.69646 0.00560874
1.19381 1.82212 0.00683254
1.19381 1.94779 0.0082713
1.19381 2.07345 0.00992045
1.19381 2.19911 0.0117546
1.19381 2.32478 0.0137229
1.19381 2.45044 0.0157464
1.19381 2.57611 0.0177204
1.19381 2.70177 0.0195215
1.19381 2.82743 0.0210202
1.19381 2.9531 0.0220972
1.19381 3.07876 0.0226608
1.31947 -3.07876 0.0274326
1.31947 -2.9531 0.0267503
1.31947 -2.82743 0.0254465
1.31947 -2.70177 0.0236322
1.31947 -2.57611 0.0214519
1.31947 -2.45044 0.0190622
1.31947 -2.32478 0.0166126
1.31947 -2.19911 0.0142299
1.31947 -2.07345 0.0120094
1.31947 -1.94779 0.010013
1.31947 -1.82212 0.0082713
1.31947 -1.69646 0.0067898
1.31947 -1.5708 0.00555605
1.31947 -1.44513 0.00454649
1.31947 -1.31947 0.00373215
1.31947 -1.19381 0.00308296
1.31947 -1.06814 0.00257045
1.31947 -0.942478 0.00216936
1.31947 -0.816814 0.00185821
1.31947 -0.69115 0.00161942
1.31947 -0.565487 0.00143902
1.31947 -0.439823 0.00130626
1.31947 -0.314159 0.00121312
1.31947 -0.188496 0.00115399
1.31947 -0.0628319 0.00112529
1.31947 0.0628319 0.00112529
1.31947 0.188496 0.00115399
1.31947 0.314159 0.00121312
1.31947 0.439823 0.00130626
1.31947 0.565487 0.00143902
1.31947 0.69115 0.00161942
1.31947 0.816814 0.00185821
1.31947 0.942478 0.00216936
1.31947 1.06814 0.00257045
1.31947 1.19381 0.00308296
1.31947 1.31947 0.00373215
1.31947 1.44513 0.00454649
1.31947 1.5708 0.00555605
1.31947 1.69646 0.0067898
1.31947 1.82212 0.0082713
1.31947 1.94779 0.010013
1.31947 2.07345 0.0120094
1.31947 2.19911 0.0142299
1.31947 2.32478 0.0166126
1.31947 2.45044 0.0190622
1.31947 2.57611 0.0214519
1.31947 2.70177 0.0236322
1.31947 2.82743 0.0254465
1.31947 2.9531 0.0267503
1.31947 3.07876 0.0274326
1.44513 -3.07876 0.0334182
1.44513 -2.9531 0.0325872
1.44513 -2.82743 0.0309988
1.44513 -2.70177 0.0287887
1.44513 -2.57611 0.0261326
1.44513 -2.45044 0.0232215
1.44513 -2.32478 0.0202374
1.44513 -2.19911 0.0173348
1.44513 -2.07345 0.0146299
1.44513 -1.94779 0.0121978
1.44513 -1.82212 0.0100761
1.44513 -1.69646 0.0082713
1.44513 -1.5708 0.00676836
1.44513 -1.44513 0.00553851
1.44513 -1.31947 0.00454649
1.44513 -1.19381 0.00375564
1.44513 -1.06814 0.00313131
1.44513 -0.942478 0.0026427
1.44513 -0.816814 0.00226366
1.44513 -0.69115 0.00197277
1.44513 -0.565487 0.00175301
1.44513 -0.439823 0.00159127
1.44513 -0.314159 0.00147782
1.44513 -0.188496 0.00140579
1.44513 -0.0628319 0.00137083
1.44513 0.0628319 0.00137083
1.44513 0.188496 0.00140579
1.44513 0.314159 0.00147782
1.44513 0.439823 0.00159127
1.44513 0.565487 0.00175301
1.44513 0.69115 0.00197277
1.44513 0.816814 0.00226366
1.44513 0.942478 0.0026427
1.44513 1.06814 0.00313131
1.44513 1.19381 0.00375564
1.44513 1.31947 0.00454649
1.44513 1.44513 0.00553851
1.44513 1.5708 0.00676836
1.44513 1.69646 0.0082713
1.44513 1.82212 0.0100761
1.44513 1.94779 0.0121978
1.44513 2.07345 0.0146299
1.44513 2.19911 0.0173348
1.44513 2.32478 0.0202374
1.44513 2.45044 0.0232215
1.44513 2.57611 0.0261326
1.44513 2.70177 0.0287887
1.44513 2.82743 0.0309988
1.44513 2.9531 0.0325872
1.44513 3.07876 0.0334182
1.5708 -3.07876 0.0408389
1.5708 -2.9531 0.0398233
1.5708 -2.82743 0.0378822
1.5708 -2.70177 0.0351813
1.5708 -2.57611 0.0319354
1.5708 -2.45044 0.028378
1.5708 -2.32478 0.0247312
1.5708 -2.19911 0.021184
1.5708 -2.07345 0.0178785
1.5708 -1.94779 0.0149064
1.5708 -1.82212 0.0123135
1.5708 -1.69646 0.010108
1.5708 -1.5708 0.0082713
1.5708 -1.44513 0.00676836
1.5708 -1.31947 0.00555605
1.5708 -1.19381 0.0045896
1.5708 -1.06814 0.00382663
1.5708 -0.942478 0.00322953
1.5708 -0.816814 0.00276632
1.5708 -0.69115 0.00241083
1.5708 -0.565487 0.00214227
1.5708 -0.439823 0.00194462
1.5708 -0.314159 0.00180598
1.5708 -0.188496 0.00171795
1.5708 -0.0628319 0.00167523
1.5708 0.0628319 0.00167523
1.5708 0.188496 0.00171795
1.5708 0.314159 0.00180598
1.5708 0.439823 0.00194462
1.5708 0.565487 0.00214227
1.5708 0.69115 0.00241083
1.5708 0.816814 0.00276632
1.5708 0.942478 0.00322953
1.5708 1.06814 0.00382663
1.5708 1.19381 0.0045896
1.5708 1.31947 0.00555605
1.5708 1.44513 0.00676836
1.5708 1.5708 0.0082713
1.5708 1.69646 0.010108
1.5708 1.82212 0.0123135
1.5708 1.94779 0.0149064
1.5708 2.07345 0.0178785
1.5708 2.19911 0.021184
1.5708 2.32478 0.0247312
1.5708 2.45044 0.028378
1.5708 2.57611 0.0319354
1.5708 2.70177 0.0351813
1.5708 2.82743 0.0378822
1.5708 2.9531 0.0398233
1.5708 3.07876 0.0408389
1.69646 -3.07876 0.0499073
1.69646 -2.9531 0.0486662
1.69646 -2.82743 0.0462941
1.69646 -2.70177 0.0429935
1.69646 -2.57611 0.0390268
1.69646 -2.45044 0.0346794
1.69646 -2.32478 0.0302229
1.69646 -2.19911 0.025888
1.69646 -2.07345 0.0218485
1.69646 -1.94779 0.0182164
1.69646 -1.82212 0.0150478
1.69646 -1.69646 0.0123525
1.69646 -1.5708 0.010108
1.69646 -1.44513 0.0082713
1.69646 -1.31947 0.0067898
1.69646 -1.19381 0.00560874
1.69646 -1.06814 0.00467636
1.69646 -0.942478 0.00394666
1.69646 -0.816814 0.00338059
1.69646 -0.69115 0.00294616
1.69646 -0.565487 0.00261797
1.69646 -0.439823 0.00237644
1.69646 -0.314159 0.002207
1.69646 -0.188496 0.00209943
1.69646 -0.0628319 0.00204722
1.69646 0.0628319 0.00204722
1.69646 0.188496 0.00209943
1.69646 0.314159 0.002207
1.69646 0.439823 0.00237644
1.69646 0.565487 0.00261797
1.69646 0.69115 0.00294616
1.69646 0.816814 0.00338059
1.69646 0.942478 0.00394666
1.69646 1.06814 0.00467636
1.69646 1.19381 0.00560874
1.69646 1.31947 0.0067898
1.69646 1.44513 0.0082713
1.69646 1.5708 0.010108
1.69646 1.69646 0.0123525
1.69646 1.82212 0.0150478
1.69646 1.94779 0.0182164
1.69646 2.07345 0.0218485
1.69646 2.19911 0.025888
1.69646 2.32478 0.0302229
1.69646 2.45044 0.0346794
1.69646 2.57611 0.0390268
1.69646 2.70177 0.0429935
1.69646 2.82743 0.0462941
1.69646 2.9531 0.0486662
1.69646 3.07876 0.0499073
1.82212 -3.07876 0.0607969
1.82212 -2.9531 0.0592849
1.82212 -2.82743 0.0563953
1.82212 -2.70177 0.0523744
1.82212 -2.57611 0.0475423
1.82212 -2.45044 0.0422463
1.82212 -2.32478 0.0368174
1.82212 -2.19911 0.0315367
1.82212 -2.07345 0.0266157
1.82212 -1.94779 0.0221912
1.82212 -1.82212 0.0183311
1.82212 -1.69646 0.0150478
1.82212 -1.5708 0.0123135
1.82212 -1.44513 0.0100761
1.82212 -1.31947 0.0082713
1.82212 -1.19381 0.00683254
1.82212 -1.06814 0.00569671
1.82212 -0.942478 0.0048078
1.82212 -0.816814 0.00411822
1.82212 -0.69115 0.003589
1.82212 -0.565487 0.0031892
1.82212 -0.439823 0.00289496
1.82212 -0.314159 0.00268856
1.82212 -0.188496 0.00255751
1.82212 -0.0628319 0.00249391
1.82212 0.0628319 0.00249391
1.82212 0.188496 0.00255751
1.82212 0.314159 0.00268856
1.82212 0.439823 0.00289496
1.82212 0.565487 0.0031892
1.82212 0.69115 0.003589
1.82212 0.816814 0.00411822
1.82212 0.942478 0.0048078
1.82212 1.06814 0.00569671
1.82212 1.19381 0.00683254
1.82212 1.31947 0.0082713
1.82212 1.44513 0.0100761
1.82212 1.5708 0.0123135
1.82212 1.69646 0.0150478
1.82212 1.82212 0.0183311
1.82212 1.94779 0.0221912
1.82212 2.07345 0.0266157
1.82212 2.19911 0.0315367
1.82212 2.32478 0.0368174
1.82212 2.45044 0.0422463
1.82212 2.57611 0.0475423
1.82212 2.70177 0.0523744
1.82212 2.82743 0.0563953
1.82212 2.9531 0.0592849
1.82212 3.07876 0.0607969
1.94779 -3.07876 0.0735992
1.94779 -2.9531 0.0717689
1.94779 -2.82743 0.0682707
1.94779 -2.70177 0.0634032
1.94779 -2.57611 0.0575535
1.94779 -2.45044 0.0511423
1.94779 -2.32478 0.0445702
1.94779 -2.19911 0.0381775
1.94779 -2.07345 0.0322203
1.94779 -1.94779 0.0268641
1.94779 -1.82212 0.0221912
1.94779 -1.69646 0.0182164
1.94779 -1.5708 0.0149064
1.94779 -1.44513 0.0121978
1.94779 -1.31947 0.010013
1.94779 -1.19381 0.0082713
1.94779 -1.06814 0.0068963
1.94779 -0.942478 0.0058202
1.94779 -0.816814 0.00498541
1.94779 -0.69115 0.00434476
1.94779 -0.565487 0.00386077
1.94779 -0.439823 0.00350457
1.94779 -0.314159 0.0032547
1.94779 -0.188496 0.00309606
1.94779 -0.0628319 0.00301907
1.94779 0.0628319 0.00301907
1.94779 0.188496 0.00309606
1.94779 0.314159 0.0032547
1.94779 0.439823 0.00350457
1.94779 0.565487 0.00386077
1.94779 0.69115 0.00434476
1.94779 0.816814 0.00498541
1.94779 0.942478 0.0058202
1.94779 1.06814 0.0068963
1.94779 1.19381 0.0082713
1.94779 1.31947 0.010013
1.94779 1.44513 0.0121978
1.94779 1.5708 0.0149064
1.94779 1.69646 0.0182164
1.94779 1.82212 0.0221912
1.94779 1.94779 0.0268641
1.94779 2.07345 0.0322203
1.94779 2.19911 0.0381775
1.94779 2.32478 0.0445702
1.94779 2.45044 0.0511423
1.94779 2.57611 0.0575535
1.94779 2.70177 0.0634032
1.94779 2.82743 0.0682707
1.94779 2.9531 0.0717689
1.94779 3.07876 0.0735992
2.07345 -3.07876 0.0882735
2.07345 -2.9531 0.0860783
2.07345 -2.82743 0.0818827
2.07345 -2.70177 0.0760447
2.07345 -2.57611 0.0690287
2.07345 -2.45044 0.0613392
2.07345 -2.32478 0.0534568
2.07345 -2.19911 0.0457895
2.07345 -2.07345 0.0386445
2.07345 -1.94779 0.0322203
2.07345 -1.82212 0.0266157
2.07345 -1.69646 0.0218485
2.07345 -1.5708 0.0178785
2.07345 -1.44513 0.0146299
2.07345 -1.31947 0.0120094
2.07345 -1.19381 0.00992045
2.07345 -1.06814 0.0082713
2.07345 -0.942478 0.00698064
2.07345 -0.816814 0.00597941
2.07345 -0.69115 0.00521102
2.07345 -0.565487 0.00463054
2.07345 -0.439823 0.00420332
2.07345 -0.314159 0.00390363
2.07345 -0.188496 0.00371336
2.07345 -0.0628319 0.00362102
2.07345 0.0628319 0.00362102
2.07345 0.188496 0.00371336
2.07345 0.314159 0.00390363
2.07345 0.439823 0.00420332
2.07345 0.565487 0.00463054
2.07345 0.69115 0.00521102
2.07345 0.816814 0.00597941
2.07345 0.942478 0.00698064
2.07345 1.06814 0.0082713
2.07345 1.19381 0.00992045
2.07345 1.31947 0.0120094
2.07345 1.44513 0.0146299
2.07345 1.5708 0.0178785
2.07345 1.69646 0.0218485
2.07345 1.82212 0.0266157
2.07345 1.94779 0.0322203
2.07345 2.07345 0.0386445
2.07345 2.19911 0.0457895
2.07345 2.32478 0.0534568
2.07345 2.45044 0.0613392
2.07345 2.57611 0.0690287
2.07345 2.70177 0.0760447
2.07345 2.82743 0.0818827
2.07345 2.9531 0.0860783
2.07345 3.07876 0.0882735
2.19911 -3.07876 0.104594
2.19911 -2.9531 0.101993
2.19911 -2.82743 0.0970221
2.19911 -2.70177 0.0901046
2.19911 -2.57611 0.0817915
2.19911 -2.45044 0.0726802
2.19911 -2.32478 0.0633404
2.19911 -2.19911 0.0542555
2.19911 -2.07345 0.0457895
2.19911 -1.94779 0.0381775
2.19911 -1.82212 0.0315367
2.19911 -1.69646 0.025888
2.19911 -1.5708 0.021184
2.19911 -1.44513 0.0173348
2.19911 -1.31947 0.0142299
2.19911 -1.19381 0.0117546
2.19911 -1.06814 0.00980059
2.19911 -0.942478 0.0082713
2.19911 -0.816814 0.00708495
2.19911 -0.69115 0.00617449
2.19911 -0.565487 0.00548668
2.19911 -0.439823 0.00498047
2.19911 -0.314159 0.00462538
2.19911 -0.188496 0.00439993
2.19911 -0.0628319 0.00429051
2.19911 0.0628319 0.00429051
2.19911 0.188496 0.00439993
2.19911 0.314159 0.00462538
2.19911 0.439823 0.00498047
2.19911 0.565487 0.00548668
2.19911 0.69115 0.00617449
2.19911 0.816814 0.00708495
2.19911 0.942478 0.0082713
2.19911 1.06814 0.00980059
2.19911 1.19381 0.0117546
2.19911 1.31947 0.0142299
2.19911 1.44513 0.0173348
2.19911 1.5708 0.021184
2.19911 1.69646 0.025888
2.19911 1.82212 0.0315367
2.19911 1.94779 0.0381775
2.19911 2.07345 0.0457895
2.19911 2.19911 0.0542555
2.19911 2.32478 0.0633404
2.19911 2.45044 0.0726802
2.19911 2.57611 0.0817915
2.19911 2.70177 0.0901046
2.19911 2.82743 0.0970221
2.19911 2.9531 0.101993
2.19911 3.07876 0.104594
2.32478 -3.07876 0.122108
2.32478 -2.9531 0.119072
2.32478 -2.82743 0.113268
2.32478 -2.70177 0.105192
2.32478 -2.57611 0.0954872
2.32478 -2.45044 0.0848503
2.32478 -2.32478 0.0739465
2.32478 -2.19911 0.0633404
2.32478 -2.07345 0.0534568
2.32478 -1.94779 0.0445702
2.32478 -1.82212 0.0368174
2.32478 -1.69646 0.0302229
2.32478 -1.5708 0.0247312
2.32478 -1.44513 0.0202374
2.32478 -1.31947 0.0166126
2.32478 -1.19381 0.0137229
2.32478 -1.06814 0.0114417
2.32478 -0.942478 0.0096563
2.32478 -0.816814 0.0082713
2.32478 -0.69115 0.00720839
2.32478 -0.565487 0.00640541
2.32478 -0.439823 0.00581444
2.32478 -0.314159 0.00539988
2.32478 -0.188496 0.00513668
2.32478 -0.0628319 0.00500894
2.32478 0.0628319 0.00500894
2.32478 0.188496 0.00513668
2.32478 0.314159 0.00539988
2.32478 0.439823 0.00581444
2.32478 0.565487 0.00640541
2.32478 0.69115 0.00720839
2.32478 0.816814 0.0082713
2.32478 0.942478 0.0096563
2.32478 1.06814 0.0114417
2.32478 1.19381 0.0137229
2.32478 1.31947 0.0166126
2.32478 1.44513 0.0202374
2.32478 1.5708 0.0247312
2.32478 1.69646 0.0302229
2.32478 1.82212 0.0368174
2.32478 1.94779 0.0445702
2.32478 2.07345 0.0534568
2.32478 2.19911 0.0633404
2.32478 2.32478 0.0739465
2.32478 2.45044 0.0848503
2.32478 2.57611 0.0954872
2.32478 2.70177 0.105192
2.32478 2.82743 0.113268
2.32478 2.9531 0.119072
2.32478 3.07876 0.122108
2.45044 -3.07876 0.140114
2.45044 -2.9531 0.136629
2.45044 -2.82743 0.12997
2.45044 -2.70177 0.120703
2.45044 -2.57611 0.109567
2.45044 -2.45044 0.0973618
2.45044 -2.32478 0.0848503
2.45044 -2.19911 0.0726802
2.45044 -2.07345 0.0613392
2.45044 -1.94779 0.0511423
2.45044 -1.82212 0.0422463
2.45044 -1.69646 0.0346794
2.45044 -1.5708 0.028378
2.45044 -1.44513 0.0232215
2.45044 -1.31947 0.0190622
2.45044 -1.19381 0.0157464
2.45044 -1.06814 0.0131288
2.45044 -0.942478 0.0110802
2.45044 -0.816814 0.00949094
2.45044 -0.69115 0.0082713
2.45044 -0.565487 0.00734991
2.45044 -0.439823 0.0066718
2.45044 -0.314159 0.00619611
2.45044 -0.188496 0.00589411
2.45044 -0.0628319 0.00574753
2.45044 0.0628319 0.00574753
2.45044 0.188496 0.00589411
2.45044 0.314159 0.00619611
2.45044 0.439823 0.0066718
2.45044 0.565487 0.00734991
2.45044 0.69115 0.0082713
2.45044 0.816814 0.00949094
2.45044 0.942478 0.0110802
2.45044 1.06814 0.0131288
2.45044 1.19381 0.0157464
2.45044 1.31947 0.0190622
2.45044 1.44513 0.0232215
2.45044 1.5708 0.028378
2.45044 1.69646 0.0346794
2.45044 1.82212 0.0422463
2.45044 1.94779 0.0511423
2.45044 2.07345 0.0613392
2.45044 2.19911 0.0726802
2.45044 2.32478 0.0848503
2.45044 2.45044 0.0973618
2.45044 2.57611 0.109567
2.45044 2.70177 0.120703
2.45044 2.82743 0.12997
2.45044 2.9531 0.136629
2.45044 3.07876 0.140114
2.57611 -3.07876 0.157679
2.57611 -2.9531 0.153757
2.57611 -2.82743 0.146263
2.57611 -2.70177 0.135835
2.57611 -2.57611 0.123303
2.57611 -2.45044 0.109567
2.57611 -2.32478 0.0954872
2.57611 -2.19911 0.0817915
2.57611 -2.07345 0.0690287
2.57611 -1.94779 0.0575535
2.57611 -1.82212 0.0475423
2.57611 -1.69646 0.0390268
2.57611 -1.5708 0.0319354
2.57611 -1.44513 0.0261326
2.57611 -1.31947 0.0214519
2.57611 -1.19381 0.0177204
2.57611 -1.06814 0.0147746
2.57611 -0.942478 0.0124692
2.57611 -0.816814 0.0106807
2.57611 -0.69115 0.00930819
2.57611 -0.565487 0.0082713
2.57611 -0.439823 0.00750818
2.57611 -0.314159 0.00697286
2.57611 -0.188496 0.006633
2.57611 -0.0628319 0.00646804
2.57611 0.0628319 0.00646804
2.57611 0.188496 0.006633
2.57611 0.314159 0.00697286
2.57611 0.439823 0.00750818
2.57611 0.565487 0.0082713
2.57611 0.69115 0.00930819
2.57611 0.816814 0.0106807
2.57611 0.942478 0.0124692
2.57611 1.06814 0.0147746
2.57611 1.19381 0.0177204
2.57611 1.31947 0.0214519
2.57611 1.44513 0.0261326
2.57611 1.5708 0.0319354
2.57611 1.69646 0.0390268
2.57611 1.82212 0.0475423
2.57611 1.94779 0.0575535
2.57611 2.07345 0.0690287
2.57611 2.19911 0.0817915
2.57611 2.32478 0.0954872
2.57611 2.45044 0.109567
2.57611 2.57611 0.123303
2.57611 2.70177 0.135835
2.57611 2.82743 0.146263
2.57611 2.9531 0.153757
2.57611 3.07876 0.157679
2.70177 -3.07876 0.173705
2.70177 -2.9531 0.169385
2.70177 -2.82743 0.161129
2.70177 -2.70177 0.149641
2.70177 -2.57611 0.135835
2.70177 -2.45044 0.120703
2.70177 -2.32478 0.105192
2.70177 -2.19911 0.0901046
2.70177 -2.07345 0.0760447
2.70177 -1.94779 0.0634032
2.70177 -1.82212 0.0523744
2.70177 -1.69646 0.0429935
2.70177 -1.5708 0.0351813
2.70177 -1.44513 0.0287887
2.70177 -1.31947 0.0236322
2.70177 -1.19381 0.0195215
2.70177 -1.06814 0.0162763
2.70177 -0.942478 0.0137365
2.70177 -0.816814 0.0117663
2.70177 -0.69115 0.0102543
2.70177 -0.565487 0.00911198
2.70177 -0.439823 0.0082713
2.70177 -0.314159 0.00768157
2.70177 -0.188496 0.00730717
2.70177 -0.0628319 0.00712545
2.70177 0.0628319 0.00712545
2.70177 0.188496 0.00730717
2.70177 0.314159 0.00768157
2.70177 0.439823 0.0082713
2.70177 0.565487 0.00911198
2.70177 0.69115 0.0102543
2.70177 0.816814 0.0117663
2.70177 0.942478 0.0137365
2.70177 1.06814 0.0162763
2.70177 1.19381 0.0195215
2.70177 1.31947 0.0236322
2.70177 1.44513 0.0287887
2.70177 1.5708 0.0351813
2.70177 1.69646 0.0429935
2.70177 1.82212 0.0523744
2.70177 1.94779 0.0634032
2.70177 2.07345 0.0760447
2.70177 2.19911 0.0901046
2.70177 2.32478 0.105192
2.70177 2.45044 0.120703
2.70177 2.57611 0.135835
2.70177 2.70177 0.149641
2.70177 2.82743 0.161129
2.70177 2.9531 0.169385
2.70177 3.07876 0.173705
2.82743 -3.07876 0.18704
2.82743 -2.9531 0.182389
2.82743 -2.82743 0.173499
2.82743 -2.70177 0.161129
2.82743 -2.57611 0.146263
2.82743 -2.45044 0.12997
2.82743 -2.32478 0.113268
2.82743 -2.19911 0.0970221
2.82743 -2.07345 0.0818827
2.82743 -1.94779 0.0682707
2.82743 -1.82212 0.0563953
2.82743 -1.69646 0.0462941
2.82743 -1.5708 0.0378822
2.82743 -1.44513 0.0309988
2.82743 -1.31947 0.0254465
2.82743 -1.19381 0.0210202
2.82743 -1.06814 0.0175258
2.82743 -0.942478 0.0147911
2.82743 -0.816814 0.0126696
2.82743 -0.69115 0.0110415
2.82743 -0.565487 0.00981152
2.82743 -0.439823 0.0089063
2.82743 -0.314159 0.0082713
2.82743 -0.188496 0.00786815
2.82743 -0.0628319 0.00767248
2.82743 0.0628319 0.00767248
2.82743 0.188496 0.00786815
2.82743 0.314159 0.0082713
2.82743 0.439823 0.0089063
2.82743 0.565487 0.00981152
2.82743 0.69115 0.0110415
2.82743 0.816814 0.0126696
2.82743 0.942478 0.0147911
2.82743 1.06814 0.0175258
2.82743 1.19381 0.0210202
2.82743 1.31947 0.0254465
2.82743 1.44513 0.0309988
2.82743 1.5708 0.0378822
2.82743 1.69646 0.0462941
2.82743 1.82212 0.0563953
2.82743 1.94779 0.0682707
2.82743 2.07345 0.0818827
2.82743 2.19911 0.0970221
2.82743 2.32478 0.113268
2.82743 2.45044 0.12997
2.82743 2.57611 0.146263
2.82743 2.70177 0.161129
2.82743 2.82743 0.173499
2.82743 2.9531 0.182389
2.82743 3.07876 0.18704
2.9531 -3.07876 0.196624
2.9531 -2.9531 0.191734
2.9531 -2.82743 0.182389
2.9531 -2.70177 0.169385
2.9531 -2.57611 0.153757
2.9531 -2.45044 0.136629
2.9531 -2.32478 0.119072
2.9531 -2.19911 0.101993
2.9531 -2.07345 0.0860783
2.9531 -1.94779 0.0717689
2.9531 -1.82212 0.0592849
2.9531 -1.69646 0.0486662
2.9531 -1.5708 0.0398233
2.9531 -1.44513 0.0325872
2.9531 -1.31947 0.0267503
2.9531 -1.19381 0.0220972
2.9531 -1.06814 0.0184238
2.9531 -0.942478 0.015549
2.9531 -0.816814 0.0133188
2.9531 -0.69115 0.0116073
2.9531 -0.565487 0.0103143
2.9531 -0.439823 0.00936265
2.9531 -0.314159 0.00869511
2.9531 -0.188496 0.0082713
2.9531 -0.0628319 0.0080656
2.9531 0.0628319 0.0080656
2.9531 0.188496 0.0082713
2.9531 0.314159 0.00869511
2.9531 0.439823 0.00936265
2.9531 0.565487 0.0103143
2.9531 0.69115 0.0116073
2.9531 0.816814 0.0133188
2.9531 0.942478 0.015549
2.9531 1.06814 0.0184238
2.9531 1.19381 0.0220972
2.9531 1.31947 0.0267503
2.9531 1.44513 0.0325872
2.9531 1.5708 0.0398233
2.9531 1.69646 0.0486662
2.9531 1.82212 0.0592849
2.9531 1.94779 0.0717689
2.9531 2.07345 0.0860783
2.9531 2.19911 0.101993
2.9531 2.32478 0.119072
2.9531 2.45044 0.136629
2.9531 2.57611 0.153757
2.9531 2.70177 0.169385
2.9531 2.82743 0.182389
2.9531 2.9531 0.191734
2.9531 3.07876 0.196624
3.07876 -3.07876 0.201639
3.07876 -2.9531 0.196624
3.07876 -2.82743 0.18704
3.07876 -2.70177 0.173705
3.07876 -2.57611 0.157679
3.07876 -2.45044 0.140114
3.07876 -2.32478 0.122108
3.07876 -2.19911 0.104594
3.07876 -2.07345 0.0882735
3.07876 -1.94779 0.0735992
3.07876 -1.82212 0.0607969
3.07876 -1.69646 0.0499073
3.07876 -1.5708 0.0408389
3.07876 -1.44513 0.0334182
3.07876 -1.31947 0.0274326
3.07876 -1.19381 0.0226608
3.07876 -1.06814 0.0188937
3.07876 -0.942478 0.0159455
3.07876 -0.816814 0.0136585
3.07876 -0.69115 0.0119033
3.07876 -0.565487 0.0105773
3.07876 -0.439823 0.00960142
3.07876 -0.314159 0.00891686
3.07876 -0.188496 0.00848224
3.07876 -0.0628319 0.0082713
3.07876 0.0628319 0.0082713
3.07876 0.188496 0.00848224
3.07876 0.314159 0.00891686
3.07876 0.439823 0.00960142
3.07876 0.565487 0.0105773
3.07876 0.69115 0.0119033
3.07876 0.816814 0.0136585
3.07876 0.942478 0.0159455
3.07876 1.06814 0.0188937
3.07876 1.19381 0.0226608
3.07876 1.31947 0.0274326
3.07876 1.44513 0.0334182
3.07876 1.5708 0.0408389
3.07876 1.69646 0.0499073
3.07876 1.82212 0.0607969
3.07876 1.94779 0.0735992
3.07876 2.07345 0.0882735
3.07876 2.19911 0.104594
3.07876 2.32478 0.122108
3.07876 2.45044 0.140114
3.07876 2.57611 0.157679
3.07876 2.70177 0.173705
3.07876 2.82743 0.18704
3.07876 2.9531 0.196624
3.07876 3.07876 0.201639
