-3.03687 -3.03687 0.19939
-3.03687 -2.82743 0.185995
-3.03687 -2.61799 0.162336
-3.03687 -2.40855 0.133361
-3.03687 -2.19911 0.10401
-3.03687 -1.98968 0.0778517
-3.03687 -1.78024 0.0566383
-3.03687 -1.5708 0.0406105
-3.03687 -1.36136 0.0291183
-3.03687 -1.15192 0.021184
-3.03687 -0.942478 0.0158564
-3.03687 -0.733038 0.0123665
-3.03687 -0.523599 0.0101593
-3.03687 -0.314159 0.008867
-3.03687 -0.10472 0.0082713
-3.03687 0.10472 0.0082713
-3.03687 0.314159 0.008867
-3.03687 0.523599 0.0101593
-3.03687 0.733038 0.0123665
-3.03687 0.942478 0.0158564
-3.03687 1.15192 0.021184
-3.03687 1.36136 0.0291183
-3.03687 1.5708 0.0406105
-3.03687 1.78024 0.0566383
-3.03687 1.98968 0.0778517
-3.03687 2.19911 0.10401
-3.03687 2.40855 0.133361
-3.03687 2.61799 0.162336
-3.03687 2.82743 0.185995
-3.03687 3.03687 0.19939
-2.82743 -3.03687 0.185995
-2.82743 -2.82743 0.173499
-2.82743 -2.61799 0.15143
-2.82743 -2.40855 0.124401
-2.82743 -2.19911 0.0970221
-2.82743 -1.98968 0.0726215
-2.82743 -1.78024 0.0528333
-2.82743 -1.5708 0.0378822
-2.82743 -1.36136 0.0271621
-2.82743 -1.15192 0.0197609
-2.82743 -0.942478 0.0147911
-2.82743 -0.733038 0.0115357
-2.82743 -0.523599 0.00947675
-2.82743 -0.314159 0.0082713
-2.82743 -0.10472 0.00771562
-2.82743 0.10472 0.00771562
-2.82743 0.314159 0.0082713
-2.82743 0.523599 0.00947675
-2.82743 0.733038 0.0115357
-2.82743 0.942478 0.0147911
-2.82743 1.15192 0.0197609
-2.82743 1.36136 0.0271621
-2.82743 1.5708 0.0378822
-2.82743 1.78024 0.0528333
-2.82743 1.98968 0.0726215
-2.82743 2.19911 0.0970221
-2.82743 2.40855 0.124401
-2.82743 2.61799 0.15143
-2.82743 2.82743 0.173499
-2.82743 3.03687 0.185995
-2.61799 -3.03687 0.162336
-2.61799 -2.82743 0.15143
-2.61799 -2.61799 0.132168
-2.61799 -2.40855 0.108577
-2.61799 -2.19911 0.0846808
-2.61799 -1.98968 0.063384
-2.61799 -1.78024 0.0461128
-2.61799 -1.5708 0.0330636
-2.61799 -1.36136 0.0237071
-2.61799 -1.15192 0.0172473
-2.61799 -0.942478 0.0129097
-2.61799 -0.733038 0.0100684
-2.61799 -0.523599 0.0082713
-2.61799 -0.314159 0.00721918
-2.61799 -0.10472 0.00673419
-2.61799 0.10472 0.00673419
-2.61799 0.314159 0.00721918
-2.61799 0.523599 0.0082713
-2.61799 0.733038 0.0100684
-2.61799 0.942478 0.0129097
-2.61799 1.15192 0.0172473
-2.61799 1.36136 0.0237071
-2.61799 1.5708 0.0330636
-2.61799 1.78024 0.0461128
-2.61799 1.98968 0.063384
-2.61799 2.19911 0.0846808
-2.61799 2.40855 0.108577
-2.61799 2.61799 0.132168
-2.61799 2.82743 0.15143
-2.61799 3.03687 0.162336
-2.40855 -3.03687 0.133361
-2.40855 -2.82743 0.124401
-2.40855 -2.61799 0.108577
-2.40855 -2.40855 0.0891977
-2.40855 -2.19911 0.0695663
-2.40855 -1.98968 0.0520707
-2.40855 -1.78024 0.0378822
-2.40855 -1.5708 0.0271621
-2.40855 -1.36136 0.0194756
-2.40855 -1.15192 0.0141688
-2.40855 -0.942478 0.0106054
-2.40855 -0.733038 0.0082713
-2.40855 -0.523599 0.00679497
-2.40855 -0.314159 0.00593065
-2.40855 -0.10472 0.00553222
-2.40855 0.10472 0.00553222
-2.40855 0.314159 0.00593065
-2.40855 0.523599 0.00679497
-2.40855 0.733038 0.0082713
-2.40855 0.942478 0.0106054
-2.40855 1.15192 0.0141688
-2.40855 1.36136 0.0194756
-2.40855 1.5708 0.0271621
-2.40855 1.78024 0.0378822
-2.40855 1.98968 0.0520707
-2.40855 2.19911 0.0695663
-2.40855 2.40855 0.0891977
-2.40855 2.61799 0.108577
-2.40855 2.82743 0.124401
-2.40855 3.03687 0.133361
-2.19911 -3.03687 0.10401
-2.19911 -2.82743 0.0970221
-2.19911 -2.61799 0.0846808
-2.19911 -2.40855 0.0695663
-2.19911 -2.19911 0.0542555
-2.19911 -1.98968 0.0406105
-2.19911 -1.78024 0.0295448
-2.19911 -1.5708 0.021184
-2.19911 -1.36136 0.0151893
-2.19911 -1.15192 0.0110504
-2.19911 -0.942478 0.0082713
-2.19911 -0.733038 0.00645088
-2.19911 -0.523599 0.00529947
-2.19911 -0.314159 0.00462538
-2.19911 -0.10472 0.00431464
-2.19911 0.10472 0.00431464
-2.19911 0.314159 0.00462538
-2.19911 0.523599 0.00529947
-2.19911 0.733038 0.00645088
-2.19911 0.942478 0.0082713
-2.19911 1.15192 0.0110504
-2.19911 1.36136 0.0151893
-2.19911 1.5708 0.021184
-2.19911 1.78024 0.0295448
-2.19911 1.98968 0.0406105
-2.19911 2.19911 0.0542555
-2.19911 2.40855 0.0695663
-2.19911 2.61799 0.0846808
-2.19911 2.82743 0.0970221
-2.19911 3.03687 0.10401
-1.98968 -3.03687 0.0778517
-1.98968 -2.82743 0.0726215
-1.98968 -2.61799 0.063384
-1.98968 -2.40855 0.0520707
-1.98968 -2.19911 0.0406105
-1.98968 -1.98968 0.0303972
-1.98968 -1.78024 0.0221144
-1.98968 -1.5708 0.0158564
-1.98968 -1.36136 0.0113692
-1.98968 -1.15192 0.0082713
-1.98968 -0.942478 0.00619111
-1.98968 -0.733038 0.00482851
-1.98968 -0.523599 0.00396668
-1.98968 -0.314159 0.00346212
-1.98968 -0.10472 0.00322953
-1.98968 0.10472 0.00322953
-1.98968 0.314159 0.00346212
-1.98968 0.523599 0.00396668
-1.98968 0.733038 0.00482851
-1.98968 0.942478 0.00619111
-1.98968 1.15192 0.0082713
-1.98968 1.36136 0.0113692
-1.98968 1.5708 0.0158564
-1.98968 1.78024 0.0221144
-1.98968 1.98968 0.0303972
-1.98968 2.19911 0.0406105
-1.98968 2.40855 0.0520707
-1.98968 2.61799 0.063384
-1.98968 2.82743 0.0726215
-1.98968 3.03687 0.0778517
-1.78024 -3.03687 0.0566383
-1.78024 -2.82743 0.0528333
-1.78024 -2.61799 0.0461128
-1.78024 -2.40855 0.0378822
-1.78024 -2.19911 0.0295448
-1.78024 -1.98968 0.0221144
-1.78024 -1.78024 0.0160886
-1.78024 -1.5708 0.0115357
-1.78024 -1.36136 0.0082713
-1.78024 -1.15192 0.0060175
-1.78024 -0.942478 0.00450413
-1.78024 -0.733038 0.00351282
-1.78024 -0.523599 0.00288582
-1.78024 -0.314159 0.00251874
-1.78024 -0.10472 0.00234953
-1.78024 0.10472 0.00234953
-1.78024 0.314159 0.00251874
-1.78024 0.523599 0.00288582
-1.78024 0.733038 0.00351282
-1.78024 0.942478 0.00450413
-1.78024 1.15192 0.0060175
-1.78024 1.36136 0.0082713
-1.78024 1.5708 0.0115357
-1.78024 1.78024 0.0160886
-1.78024 1.98968 0.0221144
-1.78024 2.19911 0.0295448
-1.78024 2.40855 0.0378822
-1.78024 2.61799 0.0461128
-1.78024 2.82743 0.0528333
-1.78024 3.03687 0.0566383
-1.5708 -3.03687 0.0406105
-1.5708 -2.82743 0.0378822
-1.5708 -2.61799 0.0330636
-1.5708 -2.40855 0.0271621
-1.5708 -2.19911 0.021184
-1.5708 -1.98968 0.0158564
-1.5708 -1.78024 0.0115357
-1.5708 -1.5708 0.0082713
-1.5708 -1.36136 0.00593065
-1.5708 -1.15192 0.00431464
-1.5708 -0.942478 0.00322953
-1.5708 -0.733038 0.00251874
-1.5708 -0.523599 0.00206918
-1.5708 -0.314159 0.00180598
-1.5708 -0.10472 0.00168465
-1.5708 0.10472 0.00168465
-1.5708 0.314159 0.00180598
-1.5708 0.523599 0.00206918
-1.5708 0.733038 0.00251874
-1.5708 0.942478 0.00322953
-1.5708 1.15192 0.00431464
-1.5708 1.36136 0.00593065
-1.5708 1.5708 0.0082713
-1.5708 1.78024 0.0115357
-1.5708 1.98968 0.0158564
-1.5708 2.19911 0.021184
-1.5708 2.40855 0.0271621
-1.5708 2.61799 0.0330636
-1.5708 2.82743 0.0378822
-1.5708 3.03687 0.0406105
-1.36136 -3.03687 0.0291183
-1.36136 -2.82743 0.0271621
-1.36136 -2.61799 0.0237071
-1.36136 -2.40855 0.0194756
-1.36136 -2.19911 0.0151893
-1.36136 -1.98968 0.0113692
-1.36136 -1.78024 0.0082713
-1.36136 -1.5708 0.00593065
-1.36136 -1.36136 0.00425236
-1.36136 -1.15192 0.00309366
-1.36136 -0.942478 0.00231562
-1.36136 -0.733038 0.00180598
-1.36136 -0.523599 0.00148363
-1.36136 -0.314159 0.00129491
-1.36136 -0.10472 0.00120792
-1.36136 0.10472 0.00120792
-1.36136 0.314159 0.00129491
-1.36136 0.523599 0.00148363
-1.36136 0.733038 0.00180598
-1.36136 0.942478 0.00231562
-1.36136 1.15192 0.00309366
-1.36136 1.36136 0.00425236
-1.36136 1.5708 0.00593065
-1.36136 1.78024 0.0082713
-1.36136 1.98968 0.0113692
-1.36136 2.19911 0.0151893
-1.36136 2.40855 0.0194756
-1.36136 2.61799 0.0237071
-1.36136 2.82743 0.0271621
-1.36136 3.03687 0.0291183
-1.15192 -3.03687 0.021184
-1.15192 -2.82743 0.0197609
-1.15192 -2.61799 0.0172473
-1.15192 -2.40855 0.0141688
-1.15192 -2.19911 0.0110504
-1.15192 -1.98968 0.0082713
-1.15192 -1.78024 0.0060175
-1.15192 -1.5708 0.00431464
-1.15192 -1.36136 0.00309366
-1.15192 -1.15192 0.00225068
-1.15192 -0.942478 0.00168465
-1.15192 -0.733038 0.00131388
-1.15192 -0.523599 0.00107936
-1.15192 -0.314159 0.000942068
-1.15192 -0.10472 0.000878779
-1.15192 0.10472 0.000878779
-1.15192 0.314159 0.000942068
-1.15192 0.523599 0.00107936
-1.15192 0.733038 0.00131388
-1.15192 0.942478 0.00168465
-1.15192 1.15192 0.00225068
-1.15192 1.36136 0.00309366
-1.15192 1.5708 0.00431464
-1.15192 1.78024 0.0060175
-1.15192 1.98968 0.0082713
-1.15192 2.19911 0.0110504
-1.15192 2.40855 0.0141688
-1.15192 2.61799 0.0172473
-1.15192 2.82743 0.0197609
-1.15192 3.03687 0.021184
-0.942478 -3.03687 0.0158564
-0.942478 -2.82743 0.0147911
-0.942478 -2.61799 0.0129097
-0.942478 -2.40855 0.0106054
-0.942478 -2.19911 0.0082713
-0.942478 -1.98968 0.00619111
-0.942478 -1.78024 0.00450413
-0.942478 -1.5708 0.00322953
-0.942478 -1.36136 0.00231562
-0.942478 -1.15192 0.00168465
-0.942478 -0.942478 0.00126097
-0.942478 -0.733038 0.000983442
-0.942478 -0.523599 0.000807909
-0.942478 -0.314159 0.000705143
-0.942478 -0.10472 0.00065777
-0.942478 0.10472 0.00065777
-0.942478 0.314159 0.000705143
-0.942478 0.523599 0.000807909
-0.942478 0.733038 0.000983442
-0.942478 0.942478 0.00126097
-0.942478 1.15192 0.00168465
-0.942478 1.36136 0.00231562
-0.942478 1.5708 0.00322953
-0.942478 1.78024 0.00450413
-0.942478 1.98968 0.00619111
-0.942478 2.19911 0.0082713
-0.942478 2.40855 0.0106054
-0.942478 2.61799 0.0129097
-0.942478 2.82743 0.0147911
-0.942478 3.03687 0.0158564
-0.733038 -3.03687 0.0123665
-0.733038 -2.82743 0.0115357
-0.733038 -2.61799 0.0100684
-0.733038 -2.40855 0.0082713
-0.733038 -2.19911 0.00645088
-0.733038 -1.98968 0.00482851
-0.733038 -1.78024 0.00351282
-0.733038 -1.5708 0.00251874
-0.733038 -1.36136 0.00180598
-0.733038 -1.15192 0.00131388
-0.733038 -0.942478 0.000983442
-0.733038 -0.733038 0.000766997
-0.733038 -0.523599 0.000630098
-0.733038 -0.314159 0.000549949
-0.733038 -0.10472 0.000513002
-0.733038 0.10472 0.000513002
-0.733038 0.314159 0.000549949
-0.733038 0.523599 0.000630098
-0.733038 0.733038 0.000766997
-0.733038 0.942478 0.000983442
-0.733038 1.15192 0.00131388
-0.733038 1.36136 0.00180598
-0.733038 1.5708 0.00251874
-0.733038 1.78024 0.00351282
-0.733038 1.98968 0.00482851
-0.733038 2.19911 0.00645088
-0.733038 2.40855 0.0082713
-0.733038 2.61799 0.0100684
-0.733038 2.82743 0.0115357
-0.733038 3.03687 0.0123665
-0.523599 -3.03687 0.0101593
-0.523599 -2.82743 0.00947675
-0.523599 -2.61799 0.0082713
-0.523599 -2.40855 0.00679497
-0.523599 -2.19911 0.00529947
-0.523599 -1.98968 0.00396668
-0.523599 -1.78024 0.00288582
-0.523599 -1.5708 0.00206918
-0.523599 -1.36136 0.00148363
-0.523599 -1.15192 0.00107936
-0.523599 -0.942478 0.000807909
-0.523599 -0.733038 0.000630098
-0.523599 -0.523599 0.000517633
-0.523599 -0.314159 0.000451789
-0.523599 -0.10472 0.000421437
-0.523599 0.10472 0.000421437
-0.523599 0.314159 0.000451789
-0.523599 0.523599 0.000517633
-0.523599 0.733038 0.000630098
-0.523599 0.942478 0.000807909
-0.523599 1.15192 0.00107936
-0.523599 1.36136 0.00148363
-0.523599 1.5708 0.00206918
-0.523599 1.78024 0.00288582
-0.523599 1.98968 0.00396668
-0.523599 2.19911 0.00529947
-0.523599 2.40855 0.00679497
-0.523599 2.61799 0.0082713
-0.523599 2.82743 0.00947675
-0.523599 3.03687 0.0101593
-0.314159 -3.03687 0.008867
-0.314159 -2.82743 0.0082713
-0.314159 -2.61799 0.00721918
-0.314159 -2.40855 0.00593065
-0.314159 -2.19911 0.00462538
-0.314159 -1.98968 0.00346212
-0.314159 -1.78024 0.00251874
-0.314159 -1.5708 0.00180598
-0.314159 -1.36136 0.00129491
-0.314159 -1.15192 0.000942068
-0.314159 -0.942478 0.000705143
-0.314159 -0.733038 0.000549949
-0.314159 -0.523599 0.000451789
-0.314159 -0.314159 0.000394321
-0.314159 -0.10472 0.00036783
-0.314159 0.10472 0.00036783
-0.314159 0.314159 0.000394321
-0.314159 0.523599 0.000451789
-0.314159 0.733038 0.000549949
-0.314159 0.942478 0.000705143
-0.314159 1.15192 0.000942068
-0.314159 1.36136 0.00129491
-0.314159 1.5708 0.00180598
-0.314159 1.78024 0.00251874
-0.314159 1.98968 0.00346212
-0.314159 2.19911 0.00462538
-0.314159 2.40855 0.00593065
-0.314159 2.61799 0.00721918
-0.314159 2.82743 0.0082713
-0.314159 3.03687 0.008867
-0.10472 -3.03687 0.0082713
-0.10472 -2.82743 0.00771562
-0.10472 -2.61799 0.00673419
-0.10472 -2.40855 0.00553222
-0.10472 -2.19911 0.00431464
-0.10472 -1.98968 0.00322953
-0.10472 -1.78024 0.00234953
-0.10472 -1.5708 0.00168465
-0.10472 -1.36136 0.00120792
-0.10472 -1.15192 0.000878779
-0.10472 -0.942478 0.00065777
-0.10472 -0.733038 0.000513002
-0.10472 -0.523599 0.000421437
-0.10472 -0.314159 0.00036783
-0.10472 -0.10472 0.000343119
-0.10472 0.10472 0.000343119
-0.10472 0.314159 0.00036783
-0.10472 0.523599 0.000421437
-0.10472 0.733038 0.000513002
-0.10472 0.942478 0.00065777
-0.10472 1.15192 0.000878779
-0.10472 1.36136 0.00120792
-0.10472 1.5708 0.00168465
-0.10472 1.78024 0.00234953
-0.10472 1.98968 0.00322953
-0.10472 2.19911 0.00431464
-0.10472 2.40855 0.00553222
-0.10472 2.61799 0.00673419
-0.10472 2.82743 0.00771562
-0.10472 3.03687 0.0082713
0.10472 -3.03687 0.0082713
0.10472 -2.82743 0.00771562
0.10472 -2.61799 0.00673419
0.10472 -2.40855 0.00553222
0.10472 -2.19911 0.00431464
0.10472 -1.98968 0.00322953
0.10472 -1.78024 0.00234953
0.10472 -1.5708 0.00168465
0.10472 -1.36136 0.00120792
0.10472 -1.15192 0.000878779
0.10472 -0.942478 0.00065777
0.10472 -0.733038 0.000513002
0.10472 -0.523599 0.000421437
0.10472 -0.314159 0.00036783
0.10472 -0.10472 0.000343119
0.10472 0.10472 0.000343119
0.10472 0.314159 0.00036783
0.10472 0.523599 0.000421437
0.10472 0.733038 0.000513002
0.10472 0.942478 0.00065777
0.10472 1.15192 0.000878779
0.10472 1.36136 0.00120792
0.10472 1.5708 0.00168465
0.10472 1.78024 0.00234953
0.10472 1.98968 0.00322953
0.10472 2.19911 0.00431464
0.10472 2.40855 0.00553222
0.10472 2.61799 0.00673419
0.10472 2.82743 0.00771562
0.10472 3.03687 0.0082713
0.314159 -3.03687 0.008867
0.314159 -2.82743 0.0082713
0.314159 -2.61799 0.00721918
0.314159 -2.40855 0.00593065
0.314159 -2.19911 0.00462538
0.314159 -1.98968 0.00346212
0.314159 -1.78024 0.00251874
0.314159 -1.5708 0.00180598
0.314159 -1.36136 0.00129491
0.314159 -1.15192 0.000942068
0.314159 -0.942478 0.000705143
0.314159 -0.733038 0.000549949
0.314159 -0.523599 0.000451789
0.314159 -0.314159 0.000394321
0.314159 -0.10472 0.00036783
0.314159 0.10472 0.00036783
0.314159 0.314159 0.000394321
0.314159 0.523599 0.000451789
0.314159 0.733038 0.000549949
0.314159 0.942478 0.000705143
0.314159 1.15192 0.000942068
0.314159 1.36136 0.00129491
0.314159 1.5708 0.00180598
0.314159 1.78024 0.00251874
0.314159 1.98968 0.00346212
0.314159 2.19911 0.00462538
0.314159 2.40855 0.00593065
0.314159 2.61799 0.00721918
0.314159 2.82743 0.0082713
0.314159 3.03687 0.008867
0.523599 -3.03687 0.0101593
0.523599 -2.82743 0.00947675
0.523599 -2.61799 0.0082713
0.523599 -2.40855 0.00679497
0.523599 -2.19911 0.00529947
0.523599 -1.98968 0.00396668
0.523599 -1.78024 0.00288582
0.523599 -1.5708 0.00206918
0.523599 -1.36136 0.00148363
0.523599 -1.15192 0.00107936
0.523599 -0.942478 0.000807909
0.523599 -0.733038 0.000630098
0.523599 -0.523599 0.000517633
0.523599 -0.314159 0.000451789
0.523599 -0.10472 0.000421437
0.523599 0.10472 0.000421437
0.523599 0.314159 0.000451789
0.523599 0.523599 0.000517633
0.523599 0.733038 0.000630098
0.523599 0.942478 0.000807909
0.523599 1.15192 0.00107936
0.523599 1.36136 0.00148363
0.523599 1.5708 0.00206918
0.523599 1.78024 0.00288582
0.523599 1.98968 0.00396668
0.523599 2.19911 0.00529947
0.523599 2.40855 0.00679497
0.523599 2.61799 0.0082713
0.523599 2.82743 0.00947675
0.523599 3.03687 0.0101593
0.733038 -3.03687 0.0123665
0.733038 -2.82743 0.0115357
0.733038 -2.61799 0.0100684
0.733038 -2.40855 0.0082713
0.733038 -2.19911 0.00645088
0.733038 -1.98968 0.00482851
0.733038 -1.78024 0.00351282
0.733038 -1.5708 0.00251874
0.733038 -1.36136 0.00180598
0.733038 -1.15192 0.00131388
0.733038 -0.942478 0.000983442
0.733038 -0.733038 0.000766997
0.733038 -0.523599 0.000630098
0.733038 -0.314159 0.000549949
0.733038 -0.10472 0.000513002
0.733038 0.10472 0.000513002
0.733038 0.314159 0.000549949
0.733038 0.523599 0.000630098
0.733038 0.733038 0.000766997
0.733038 0.942478 0.000983442
0.733038 1.15192 0.00131388
0.733038 1.36136 0.00180598
0.733038 1.5708 0.00251874
0.733038 1.78024 0.00351282
0.733038 1.98968 0.00482851
0.733038 2.19911 0.00645088
0.733038 2.40855 0.0082713
0.733038 2.61799 0.0100684
0.733038 2.82743 0.0115357
0.733038 3.03687 0.0123665
0.942478 -3.03687 0.0158564
0.942478 -2.82743 0.0147911
0.942478 -2.61799 0.0129097
0.942478 -2.40855 0.0106054
0.942478 -2.19911 0.0082713
0.942478 -1.98968 0.00619111
0.942478 -1.78024 0.00450413
0.942478 -1.5708 0.00322953
0.942478 -1.36136 0.00231562
0.942478 -1.15192 0.00168465
0.942478 -0.942478 0.00126097
0.942478 -0.733038 0.000983442
0.942478 -0.523599 0.000807909
0.942478 -0.314159 0.000705143
0.942478 -0.10472 0.00065777
0.942478 0.10472 0.00065777
0.942478 0.314159 0.000705143
0.942478 0.523599 0.000807909
0.942478 0.733038 0.000983442
0.942478 0.942478 0.00126097
0.942478 1.15192 0.00168465
0.942478 1.36136 0.00231562
0.942478 1.5708 0.00322953
0.942478 1.78024 0.00450413
0.942478 1.98968 0.00619111
0.942478 2.19911 0.0082713
0.942478 2.40855 0.0106054
0.942478 2.61799 0.0129097
0.942478 2.82743 0.0147911
0.942478 3.03687 0.0158564
1.15192 -3.03687 0.021184
1.15192 -2.82743 0.0197609
1.15192 -2.61799 0.0172473
1.15192 -2.40855 0.0141688
1.15192 -2.19911 0.0110504
1.15192 -1.98968 0.0082713
1.15192 -1.78024 0.0060175
1.15192 -1.5708 0.00431464
1.15192 -1.36136 0.00309366
1.15192 -1.15192 0.00225068
1.15192 -0.942478 0.00168465
1.15192 -0.733038 0.00131388
1.15192 -0.523599 0.00107936
1.15192 -0.314159 0.000942068
1.15192 -0.10472 0.000878779
1.15192 0.10472 0.000878779
1.15192 0.314159 0.000942068
1.15192 0.523599 0.00107936
1.15192 0.733038 0.00131388
1.15192 0.942478 0.00168465
1.15192 1.15192 0.00225068
1.15192 1.36136 0.00309366
1.15192 1.5708 0.00431464
1.15192 1.78024 0.0060175
1.15192 1.98968 0.0082713
1.15192 2.19911 0.0110504
1.15192 2.40855 0.0141688
1.15192 2.61799 0.0172473
1.15192 2.82743 0.0197609
1.15192 3.03687 0.021184
1.36136 -3.03687 0.0291183
1.36136 -2.82743 0.0271621
1.36136 -2.61799 0.0237071
1.36136 -2.40855 0.0194756
1.36136 -2.19911 0.0151893
1.36136 -1.98968 0.0113692
1.36136 -1.78024 0.0082713
1.36136 -1.5708 0.00593065
1.36136 -1.36136 0.00425236
1.36136 -1.15192 0.00309366
1.36136 -0.942478 0.00231562
1.36136 -0.733038 0.00180598
1.36136 -0.523599 0.00148363
1.36136 -0.314159 0.00129491
1.36136 -0.10472 0.00120792
1.36136 0.10472 0.00120792
1.36136 0.314159 0.00129491
1.36136 0.523599 0.00148363
1.36136 0.733038 0.00180598
1.36136 0.942478 0.00231562
1.36136 1.15192 0.00309366
1.36136 1.36136 0.00425236
1.36136 1.5708 0.00593065
1.36136 1.78024 0.0082713
1.36136 1.98968 0.0113692
1.36136 2.19911 0.0151893
1.36136 2.40855 0.0194756
1.36136 2.61799 0.0237071
1.36136 2.82743 0.0271621
1.36136 3.03687 0.0291183
1.5708 -3.03687 0.0406105
1.5708 -2.82743 0.0378822
1.5708 -2.61799 0.0330636
1.5708 -2.40855 0.0271621
1.5708 -2.19911 0.021184
1.5708 -1.98968 0.0158564
1.5708 -1.78024 0.0115357
1.5708 -1.5708 0.0082713
1.5708 -1.36136 0.00593065
1.5708 -1.15192 0.00431464
1.5708 -0.942478 0.00322953
1.5708 -0.733038 0.00251874
1.5708 -0.523599 0.00206918
1.5708 -0.314159 0.00180598
1.5708 -0.10472 0.00168465
1.5708 0.10472 0.00168465
1.5708 0.314159 0.00180598
1.5708 0.523599 0.00206918
1.5708 0.733038 0.00251874
1.5708 0.942478 0.00322953
1.5708 1.15192 0.00431464
1.5708 1.36136 0.00593065
1.5708 1.5708 0.0082713
1.5708 1.78024 0.0115357
1.5708 1.98968 0.0158564
1.5708 2.19911 0.021184
1.5708 2.40855 0.0271621
1.5708 2.61799 0.0330636
1.5708 2.82743 0.0378822
1.5708 3.03687 0.0406105
1.78024 -3.03687 0.0566383
1.78024 -2.82743 0.0528333
1.78024 -2.61799 0.0461128
1.78024 -2.40855 0.0378822
1.78024 -2.19911 0.0295448
1.78024 -1.98968 0.0221144
1.78024 -1.78024 0.0160886
1.78024 -1.5708 0.0115357
1.78024 -1.36136 0.0082713
1.78024 -1.15192 0.0060175
1.78024 -0.942478 0.00450413
1.78024 -0.733038 0.00351282
1.78024 -0.523599 0.00288582
1.78024 -0.314159 0.00251874
1.78024 -0.10472 0.00234953
1.78024 0.10472 0.00234953
1.78024 0.314159 0.00251874
1.78024 0.523599 0.00288582
1.78024 0.733038 0.00351282
1.78024 0.942478 0.00450413
1.78024 1.15192 0.0060175
1.78024 1.36136 0.0082713
1.78024 1.5708 0.0115357
1.78024 1.78024 0.0160886
1.78024 1.98968 0.0221144
1.78024 2.19911 0.0295448
1.78024 2.40855 0.0378822
1.78024 2.61799 0.0461128
1.78024 2.82743 0.0528333
1.78024 3.03687 0.0566383
1.98968 -3.03687 0.0778517
1.98968 -2.82743 0.0726215
1.98968 -2.61799 0.063384
1.98968 -2.40855 0.0520707
1.98968 -2.19911 0.0406105
1.98968 -1.98968 0.0303972
1.98968 -1.78024 0.0221144
1.98968 -1.5708 0.0158564
1.98968 -1.36136 0.0113692
1.98968 -1.15192 0.0082713
1.98968 -0.942478 0.00619111
1.98968 -0.733038 0.00482851
1.98968 -0.523599 0.00396668
1.98968 -0.314159 0.00346212
1.98968 -0.10472 0.00322953
1.98968 0.10472 0.00322953
1.98968 0.314159 0.00346212
1.98968 0.523599 0.00396668
1.98968 0.733038 0.00482851
1.98968 0.942478 0.00619111
1.98968 1.15192 0.0082713
1.98968 1.36136 0.0113692
1.98968 1.5708 0.0158564
1.98968 1.78024 0.0221144
1.98968 1.98968 0.0303972
1.98968 2.19911 0.0406105
1.98968 2.40855 0.0520707
1.98968 2.61799 0.063384
1.98968 2.82743 0.0726215
1.98968 3.03687 0.0778517
2.19911 -3.03687 0.10401
2.19911 -2.82743 0.0970221
2.19911 -2.61799 0.0846808
2.19911 -2.40855 0.0695663
2.19911 -2.19911 0.0542555
2.19911 -1.98968 0.0406105
2.19911 -1.78024 0.0295448
2.19911 -1.5708 0.021184
2.19911 -1.36136 0.0151893
2.19911 -1.15192 0.0110504
2.19911 -0.942478 0.0082713
2.19911 -0.733038 0.00645088
2.19911 -0.523599 0.00529947
2.19911 -0.314159 0.00462538
2.19911 -0.10472 0.00431464
2.19911 0.10472 0.00431464
2.19911 0.314159 0.00462538
2.19911 0.523599 0.00529947
2.19911 0.733038 0.00645088
2.19911 0.942478 0.0082713
2.19911 1.15192 0.0110504
2.19911 1.36136 0.0151893
2.19911 1.5708 0.021184
2.19911 1.78024 0.0295448
2.19911 1.98968 0.0406105
2.19911 2.19911 0.0542555
2.19911 2.40855 0.0695663
2.19911 2.61799 0.0846808
2.19911 2.82743 0.0970221
2.19911 3.03687 0.10401
2.40855 -3.03687 0.133361
2.40855 -2.82743 0.124401
2.40855 -2.61799 0.108577
2.40855 -2.40855 0.0891977
2.40855 -2.19911 0.0695663
2.40855 -1.98968 0.0520707
2.40855 -1.78024 0.0378822
2.40855 -1.5708 0.0271621
2.40855 -1.36136 0.0194756
2.40855 -1.15192 0.0141688
2.40855 -0.942478 0.0106054
2.40855 -0.733038 0.0082713
2.40855 -0.523599 0.00679497
2.40855 -0.314159 0.00593065
2.40855 -0.10472 0.00553222
2.40855 0.10472 0.00553222
2.40855 0.314159 0.00593065
2.40855 0.523599 0.00679497
2.40855 0.733038 0.0082713
2.40855 0.942478 0.0106054
2.40855 1.15192 0.0141688
2.40855 1.36136 0.0194756
2.40855 1.5708 0.0271621
2.40855 1.78024 0.0378822
2.40855 1.98968 0.0520707
2.40855 2.19911 0.0695663
2.40855 2.40855 0.0891977
2.40855 2.61799 0.108577
2.40855 2.82743 0.124401
2.40855 3.03687 0.133361
2.61799 -3.03687 0.162336
2.61799 -2.82743 0.15143
2.61799 -2.61799 0.132168
2.61799 -2.40855 0.108577
2.61799 -2.19911 0.0846808
2.61799 -1.98968 0.063384
2.61799 -1.78024 0.0461128
2.61799 -1.5708 0.0330636
2.61799 -1.36136 0.0237071
2.61799 -1.15192 0.0172473
2.61799 -0.942478 0.0129097
2.61799 -0.733038 0.0100684
2.61799 -0.523599 0.0082713
2.61799 -0.314159 0.00721918
2.61799 -0.10472 0.00673419
2.61799 0.10472 0.00673419
2.61799 0.314159 0.00721918
2.61799 0.523599 0.0082713
2.61799 0.733038 0.0100684
2.61799 0.942478 0.0129097
2.61799 1.15192 0.0172473
2.61799 1.36136 0.0237071
2.61799 1.5708 0.0330636
2.61799 1.78024 0.0461128
2.61799 1.98968 0.063384
2.61799 2.19911 0.0846808
2.61799 2.40855 0.108577
2.61799 2.61799 0.132168
2.61799 2.82743 0.15143
2.61799 3.03687 0.162336
2.82743 -3.03687 0.185995
2.82743 -2.82743 0.173499
2.82743 -2.61799 0.15143
2.82743 -2.40855 0.124401
2.82743 -2.19911 0.0970221
2.82743 -1.98968 0.0726215
2.82743 -1.78024 0.0528333
2.82743 -1.5708 0.0378822
2.82743 -1.36136 0.0271621
2.82743 -1.15192 0.0197609
2.82743 -0.942478 0.0147911
2.82743 -0.733038 0.0115357
2.82743 -0.523599 0.00947675
2.82743 -0.314159 0.0082713
2.82743 -0.10472 0.00771562
2.82743 0.10472 0.00771562
2.82743 0.314159 0.0082713
2.82743 0.523599 0.00947675
2.82743 0.733038 0.0115357
2.82743 0.942478 0.0147911
2.82743 1.15192 0.0197609
2.82743 1.36136 0.0271621
2.82743 1.5708 0.0378822
2.82743 1.78024 0.0528333
2.82743 1.98968 0.0726215
2.82743 2.19911 0.0970221
2.82743 2.40855 0.124401
2.82743 2.61799 0.15143
2.82743 2.82743 0.173499
2.82743 3.03687 0.185995
3.03687 -3.03687 0.19939
3.03687 -2.82743 0.185995
3.03687 -2.61799 0.162336
3.03687 -2.40855 0.133361
3.03687 -2.19911 0.10401
3.03687 -1.98968 0.0778517
3.03687 -1.78024 0.0566383
3.03687 -1.5708 0.0406105
3.03687 -1.36136 0.0291183
3.03687 -1.15192 0.021184
3.03687 -0.942478 0.0158564
3.03687 -0.733038 0.0123665
3.03687 -0.523599 0.0101593
3.03687 -0.314159 0.008867
3.03687 -0.10472 0.0082713
3.03687 0.10472 0.0082713
3.03687 0.314159 0.008867
3.03687 0.523599 0.0101593
3.03687 0.733038 0.0123665
3.03687 0.942478 0.0158564
3.03687 1.15192 0.021184
3.03687 1.36136 0.0291183
3.03687 1.5708 0.0406105
3.03687 1.78024 0.0566383
3.03687 1.98968 0.0778517
3.03687 2.19911 0.10401
3.03687 2.40855 0.133361
3.03687 2.61799 0.162336
3.03687 2.82743 0.185995
3.03687 3.03687 0.19939
