5.9456e-05
0
0
0.000121509
0
0
0.000137724
6.57267e-05
9.06362e-05
6.66692e-05
0.000101773
1.47149e-05
0
0.000133396
0
7.41709e-05
0
0
0
1.19451e-05
6.50534e-05
0
0
0
0
8.56351e-05
0.000153458
0
0.000141975
0
0
0
1.24836e-05
0
0
1.57729e-05
0
5.36662e-06
0
0
0
0
0
3.03339e-05
7.3767e-05
4.61452e-05
0
0
4.27406e-05
0
0
0.000118854
0
1.7504e-05
0
3.10071e-05
0
0
0
0
2.23128e-06
0
0
0
0
0
0
1.40994e-05
2.05239e-05
2.94298e-06
1.92929e-05
0
0
0.000101677
0
2.02354e-05
0
0
0
3.5989e-05
0
0
0
0
1.37147e-05
0
5.27044e-06
0.000108025
7.54212e-05
0
0
0.000139859
0.000101523
0
0
0
0
0
0.000139724
6.94583e-05
0
2.08702e-05
6.72462e-05
0
0
0
0
2.5025e-05
0
0
0
0
8.62506e-05
3.7297e-05
0
0.000106909
4.54528e-05
0
0
3.62776e-05
0
0.000204259
0.000163499
3.19881e-05
8.6693e-05
5.02616e-05
8.15572e-05
2.87758e-05
5.51665e-05
0
4.05863e-05
2.1101e-05
0
0
5.40509e-06
1.74463e-05
1.37339e-05
0
4.61068e-05
0
0
9.69646e-05
0
0.000122644
9.00976e-05
0.000145803
7.66715e-05
5.55897e-06
0
1.23105e-06
0
8.65584e-07
0
0
0
3.26998e-06
1.31569e-05
3.43541e-05
8.12879e-05
0
0
0
4.84342e-05
0
0.000106524
0
3.16996e-05
0
0
0.000178618
0
0
0
0.00014638
0.000141109
0.00016248
0
0
0
0.000147419
0
0.000107736
5.14541e-05
0
7.44402e-06
1.26183e-05
0
0.00011166
0
0
3.18919e-05
0
4.94344e-06
0
0
0
4.57413e-05
2.59675e-06
0
4.79341e-05
0
0
3.77394e-05
0
8.94244e-05
2.06971e-05
0
3.41232e-05
6.15334e-05
0
0
0
5.78402e-05
6.81695e-05
0
0.000152189
0
0
0
0.000143571
0
0
0
0.000151381
0
0
0
0
0
0
0
0
9.94459e-05
0.00018385
0
0.000116777
0
9.01938e-05
7.48249e-06
3.76048e-05
9.79071e-06
0
8.75971e-05
0
5.75132e-05
0
1.18296e-05
0
9.68107e-05
0
0
0
0
0
0
0
0
8.72316e-05
4.21635e-05
0
0.000118373
0
0
0.000167635
8.702e-05
0.000106467
0
0.000170712
0.000115969
6.31107e-05
2.82757e-05
0
0
3.80857e-06
0
5.18773e-05
0
0.000146014
0.000193006
0
0
0.000121489
0
0
5.62437e-05
0
0
0
0
0.000143725
0.000195103
2.05817e-05
0
1.685e-05
0
2.75833e-05
0
0
0
4.72224e-05
0
0
8.94821e-05
0
0.000139301
0.000133627
0
4.34331e-05
2.24859e-05
9.32907e-06
1.12334e-05
0
1.53882e-07
0
0
0
2.17358e-06
2.91606e-05
4.56066e-05
1.09641e-06
2.47172e-05
6.72462e-05
0
5.59744e-05
0
0
0
0
0
0
0
0
0
0
3.07378e-05
0
4.01246e-05
0
0
0
0.000106467
0
0
0.000135223
0.000111622
6.39378e-05
6.53612e-05
0
5.8802e-05
0.000126144
0
0
9.52334e-05
0
0
0
0.000196314
0.000151516
0.000164018
0.00017731
0.000137012
0
0.000103158
0
0
2.52366e-05
0.000108813
0
0.000150265
0
0
0
4.49142e-05
0
9.80225e-05
0
0.000109294
0.000151554
0
0.000195737
9.24636e-05
0
0
9.71185e-05
3.60467e-05
0
8.45771e-05
7.2709e-05
2.19666e-05
8.17496e-06
0
0
0
0
9.51757e-05
0
0
5.80133e-05
3.17381e-05
0.000150804
5.44548e-05
8.49811e-05
0
0
0
1.67154e-05
0
3.12764e-05
0
0
2.82565e-05
0
1.17335e-06
1.27145e-05
0
0
2.50635e-05
0.000107121
0
0.000160999
0.000167192
0
0.000159498
0.000132665
0
0.000154074
0.00010891
1.99277e-05
0
0
0
0
0
3.22189e-05
0
2.63714e-05
0
0.000117335
0
0.00014209
0.000155497
0
0.000163672
0.000131184
0
8.75201e-06
0
1.60422e-05
0
0
1.16373e-05
5.89366e-05
0
1.30992e-05
6.31684e-05
0.000108217
1.51381e-05
9.94652e-05
0.000100985
0
0
0
9.73493e-05
0
0
1.91967e-05
0
1.67346e-06
0
0
0
0
0
0
0
2.46595e-05
2.99492e-05
1.37339e-05
0
1.97545e-05
4.75686e-05
0
0
1.30799e-05
4.24328e-05
1.21759e-05
0
0.000151092
6.96891e-05
1.0714e-05
0
3.22767e-05
5.92444e-06
0
7.88643e-06
1.15411e-06
0
0
0
0
2.6006e-05
5.80326e-05
8.11725e-06
1.62922e-05
2.24667e-05
0
0
0
1.91005e-05
2.64676e-05
8.10571e-05
0
0
0
4.34331e-05
1.10025e-05
9.4464e-05
0
0.000186466
0
0
0
0
3.78356e-05
0
0
5.48395e-05
0
0
2.57367e-05
0
3.13534e-06
4.19327e-06
1.05217e-05
0
0
0
4.30868e-06
7.62098e-05
4.86458e-05
0.000116969
0
6.37454e-05
8.64045e-05
9.45602e-05
0
5.01077e-05
0
0
0
0
2.47942e-05
0
0.000140128
0
0
0.000141148
0.000130607
7.90566e-05
7.69023e-05
5.8398e-05
4.52027e-05
7.64022e-05
0
0.000145937
0.000166634
0.000141956
0
0
0
0.000121605
0.000126241
0
0
0
0.000123278
0
6.96314e-05
0
0
0
3.63737e-05
1.89851e-05
9.01938e-05
8.50195e-05
6.09756e-06
0
5.29737e-05
0
2.86604e-05
0
0
0
0
0
5.43202e-05
3.20843e-05
3.43925e-05
9.92536e-05
0.000148784
0
0.000141936
0.00011568
0
0
0
0.000153997
6.68423e-05
6.98237e-06
0
1.74271e-05
0
0
1.01947e-05
0
7.84796e-05
0
8.19419e-05
0
3.64699e-05
4.75302e-05
0
0
0
2.70062e-05
0
0
0
4.07401e-05
5.70323e-05
0.000120432
0.000142129
0
0.000114065
0
0
0.00013255
5.67438e-06
0
0
1.11179e-05
0.000108063
0
0.000125183
0.000160018
0
0
3.85858e-05
0
0
6.79387e-05
0.000185254
0
0
0
0
0.000159844
6.9439e-06
0
0
6.75155e-06
0
0.000148957
0
6.75155e-05
1.51766e-05
7.71331e-06
0
0
0
6.71308e-06
0
0
0
0
0
2.19666e-05
0
0
7.10163e-05
0.000156209
0.000117008
6.42071e-05
7.58444e-05
0
6.42071e-05
0
0
6.83619e-05
0
3.31807e-05
0
0
3.20843e-05
0
2.72755e-05
0
4.37985e-05
0
0.000103678
7.26898e-05
5.26467e-05
0
0
0.000108429
9.50603e-05
0.000179964
0
0.000141609
5.04731e-05
0.000115392
0
0.000125683
0
0
0
1.28876e-06
4.4164e-05
0
0.000129934
0.000190082
6.61691e-05
0
0
0
0
0
0
0.000146726
0
8.13072e-05
0
7.7614e-05
0
0
8.09417e-05
3.62776e-05
0
7.45556e-05
0
0
0
0
0
2.11587e-05
0.000119701
5.34354e-05
0
0
0
0.000119547
0.000112507
7.83065e-05
3.12764e-05
0
0
0
2.86027e-05
2.28899e-06
0
0
0
8.46348e-07
6.63614e-06
4.15865e-05
0
4.36831e-05
0
0
0
3.17958e-05
8.04608e-05
0
0
0
5.82057e-05
0
0
0.000106659
0
0
7.49595e-05
8.89628e-05
0
4.50873e-05
0
1.93891e-05
0
5.53974e-05
1.23298e-05
0
2.11779e-05
0
1.26183e-05
0
7.23243e-05
3.46811e-05
1.02139e-05
6.80349e-05
0
7.31707e-05
0.000105774
4.45295e-05
0
0
6.5592e-06
0
0
0
5.94367e-06
5.37047e-05
8.92513e-06
5.29545e-05
0
0
1.39455e-05
1.4234e-06
0
3.84704e-07
6.34761e-06
0
0
0
2.19281e-06
8.43656e-05
4.36639e-05
0
0
0
5.40894e-05
0
0
0
0
0
0
0.000102485
0.000159075
5.39932e-05
5.11848e-05
0
0.000148361
0.00010337
0
0.000146957
0
0
9.27906e-05
0.000158306
0.000127587
5.13772e-05
0.000131607
0
0.00012072
2.02354e-05
4.77033e-06
0
0.000166942
0.000107198
0
1.44072e-05
7.48057e-05
8.20381e-05
0
0
6.27067e-06
0
2.666e-05
0
0
0
0
4.66069e-05
0
0
3.78549e-05
1.6273e-05
0
0
8.5789e-06
0
3.84704e-08
7.23243e-06
4.91459e-05
0
5.9052e-05
2.53905e-05
0
0.000141244
0
0
0.000187582
0
0
0
0
8.56351e-05
2.28322e-05
6.98237e-06
5.46279e-06
6.32068e-05
0
4.65492e-05
5.77056e-08
1.51958e-06
8.77125e-06
4.69339e-06
0.000107717
0
1.91005e-05
4.45679e-05
0
0
0
0
1.01177e-05
0
0
0
0
0.00011293
8.22689e-05
1.0387e-05
8.05377e-05
4.34908e-05
0
0
6.72462e-05
0.000131203
0
0.000129337
0
0.000101081
2.06778e-05
0
4.24521e-05
0
0
0
0
1.05409e-05
0
0
0
0
2.4621e-06
0
0
0
0
0
0
4.52412e-05
0.00013807
0.000105486
0
3.13918e-05
0
0
2.98145e-05
0
7.02085e-05
0.000122528
0
3.20458e-05
0
6.82849e-05
0
0.00010889
0
0
6.61883e-05
0
6.47649e-05
0
0
5.88212e-05
5.29545e-05
0
0
6.41301e-05
4.50681e-05
3.67777e-05
0
0
0
8.87704e-05
3.51235e-05
6.96314e-06
4.52027e-06
0
0
0
2.84488e-05
0
0.000161556
0
0.00015367
0
0
0.00016852
0.000116815
2.20435e-05
8.71162e-05
0
2.86604e-06
4.49142e-05
3.83357e-05
0
0
7.83642e-05
0.000122874
0
0
0.000128953
0
5.64745e-05
0.00012122
2.36401e-05
0.000113372
0.000112814
0
8.61352e-05
0
0.000194218
0
0.000154016
0.000160729
0
8.35577e-05
8.17111e-05
1.56767e-05
4.36639e-06
9.40216e-05
0
0
1.47149e-05
2.10433e-05
0
2.04662e-05
3.40463e-06
0
0
0
6.11679e-06
0
7.19011e-05
0
0
0
1.14257e-05
0.000125067
9.03477e-05
0
0
0.0001006
0.000148284
0
0.000149188
0
0
0
0
0.000175136
0.000183985
0
0.000134454
0
0
6.32838e-05
9.51565e-05
5.26083e-05
2.6583e-05
3.20074e-05
0.000132704
0.000102754
8.8328e-05
0
3.60275e-05
0
0
6.03216e-05
0.00016096
0.000144841
0.000113526
0.000143975
0.000111179
7.31899e-05
0.000140494
0
0
0.000135666
6.69962e-05
0
0.000123067
0.000119162
4.31253e-05
0
0
7.98838e-05
0
4.66646e-05
0
0
6.15526e-05
0.000133415
5.19735e-05
9.15403e-05
4.73763e-05
5.47818e-05
5.07809e-05
4.97422e-05
0.000174098
0.000120008
5.1935e-05
0.000107429
0.000156844
0
7.84603e-05
0
0.000135031
0
7.90374e-05
2.68908e-05
1.78118e-05
0
0
1.6196e-05
0
0
0
5.03577e-05
2.79487e-05
5.66476e-05
0.000145168
7.68638e-05
3.88551e-05
0.000143687
0
0
0
0
0
0.000122894
1.70616e-05
0
0.000115026
0
0
1.87158e-05
0
0
5.9379e-05
0
0.000106967
0
7.59021e-05
0
0.000133531
0
0
0
4.25098e-06
0.000111372
0
0.000116469
0
0.00011243
5.79749e-05
0
4.70108e-05
1.12718e-05
6.54766e-05
0
2.34285e-05
0
5.40317e-05
8.16726e-05
2.34862e-05
0.000139147
0.000183061
0.00013203
0
6.46302e-06
0
0
0.00016977
0
0
0
0
1.84273e-05
4.58375e-05
0
0
0
5.4224e-05
1.15796e-05
0
0
0
1.45226e-05
5.75132e-06
0
2.91606e-05
2.2082e-05
0
0
2.27552e-05
8.90589e-06
0
0
2.30822e-07
3.32961e-05
5.44356e-06
0
0
4.69339e-06
3.24498e-05
4.63376e-05
5.91097e-05
0
5.34161e-05
0
7.95375e-05
3.67777e-05
1.94852e-05
0
0
5.87058e-05
0
3.5008e-06
0
0
0.000108737
0
0
0
0.000173059
0
0.000176175
0
0
0
0
0
0.000115084
0
6.95352e-05
1.79657e-05
2.60637e-05
0
0
0
0
0
0
0
0
0
0
0
0
0
0
6.47072e-05
0
2.52366e-05
2.53327e-05
0.000120585
0
0.000114584
7.69408e-08
0
1.07717e-06
0
3.07763e-07
1.5946e-05
2.97184e-05
0
0
2.46595e-05
1.31953e-05
2.12934e-05
0
0
0
3.32192e-05
0
0
0
0
9.60028e-05
0
0.000153324
0
0
0
0
0
0
0
0.000160306
5.43202e-05
0
5.66861e-05
0
0
0.000127279
0
0
6.11102e-05
8.3423e-05
0
0
0
0
0
0
0.000144572
0
0
0
0.000152304
0
0.000174252
0.000159037
0.000191429
0.000115546
0
5.10117e-05
0
0
6.21681e-05
9.37716e-05
0
0
0
0
0
0
2.99877e-05
0.000113084
7.25744e-05
0
7.30745e-05
0
0
0
0
3.34308e-05
0
1.4965e-05
1.76964e-05
3.85473e-05
0
0.000182157
0
0
0
0.000142148
0
9.84842e-05
0
1.86774e-05
9.12902e-05
0
1.08679e-05
0
0
0
0
0
0
5.88212e-05
3.43156e-05
0
0
6.38608e-06
0
0
0
1.32146e-05
0
0
0
0
5.73978e-05
0
0
0
2.29668e-05
0
0
0
0
6.05716e-05
9.85419e-05
0
0
0
0
4.59913e-05
0
8.38847e-05
0
0
0
9.63683e-05
0
0.000169539
0
0
0.000158171
0.000127606
0.000130549
0.000109987
0
0
6.70346e-05
4.32792e-05
2.33515e-05
6.38993e-05
0
0
0.000114584
2.75448e-05
0
0
0
5.01077e-05
4.94537e-05
0.000136493
0
0
0
0.000124933
2.00623e-05
0
4.65684e-05
9.05785e-05
0
2.86604e-05
0
8.39039e-05
1.58498e-05
4.98384e-05
8.94436e-06
0
7.30937e-05
0
0
8.90012e-05
0
0
4.8665e-06
4.97999e-05
7.60752e-05
4.12403e-05
6.30722e-05
0.000162845
0.00018385
0.000138493
0.000135858
6.38224e-05
0
8.79818e-05
9.8061e-05
0
0
0
0
6.56497e-05
9.90612e-06
0
0
9.28483e-05
0.000168385
0.000168308
0
0
0
0
3.22767e-05
0
0.000163884
0
0
0
0
0
0.000147996
0
5.75325e-05
9.2906e-05
0.000122336
0.000145283
0
6.0033e-05
0.000118681
1.99277e-05
0
0
6.97083e-05
0
0.000170251
0.00013807
0
4.22982e-05
0.000120143
0
0.000134666
2.14088e-05
0
0
6.07832e-05
0
0
0
0.000107602
0.000132088
5.93021e-05
0.000130915
4.9973e-05
9.78302e-05
0
0.000116854
0
0
0
0.00014009
2.80257e-05
0
0
3.93744e-05
0
9.15018e-05
0
0
2.67369e-05
4.36831e-05
9.99845e-05
0
8.59044e-05
0
0.000156901
0.000167519
7.696e-05
7.67484e-05
8.84049e-05
0
5.30699e-05
0
3.36424e-05
0
4.55874e-06
0
0
1.86774e-05
0
4.1548e-06
3.0584e-06
7.10356e-05
0.000111699
1.43302e-05
7.85565e-05
6.20335e-05
2.52558e-05
1.29838e-05
0
0.000112487
0
2.84488e-05
0
0
0
0
0
1.01947e-06
2.11587e-06
3.49696e-05
0
2.49096e-05
2.58136e-05
0
0
0
0
2.78718e-05
0
0
0
0
0
0
0
3.99515e-05
0
0.000100504
0
4.27791e-05
3.9663e-05
0
0
2.19474e-05
0
6.52073e-05
4.58759e-05
0
9.53873e-05
0
0.000121586
0.000146284
0.000111199
5.04924e-05
4.98576e-05
0
7.60559e-05
0
0
9.6099e-05
0
0
0
0
1.63499e-06
0
5.80903e-06
0
0
0
5.03962e-06
0
2.88143e-05
0
6.13603e-05
0
0.000138724
0
0.000131511
0
0.000160075
0
0
0
0
0
0
0
0.000114276
3.09494e-05
0
5.34738e-05
2.18127e-05
0
6.22066e-05
0
0
0
0
6.26298e-05
0
6.50534e-05
0
0
0
2.8872e-05
8.50388e-05
9.5118e-05
7.89412e-05
0.000122528
0
3.54889e-05
0
0
1.71001e-05
0
1.96584e-05
0
0
0
0
0
7.70562e-05
0.000122663
0.000153574
0.000180195
0.00017958
0
0.000160383
0
4.54143e-05
2.35054e-05
5.19158e-05
4.09517e-05
3.04493e-05
0
0
0
0
8.93475e-05
0.000122374
8.44233e-05
0
1.97353e-05
5.45895e-05
7.7941e-05
0.000156863
6.78618e-05
0
0
1.87928e-05
0
0
0.000120085
0
0
2.97568e-05
0
0
4.33754e-05
0.000146168
0
0
0
0
7.68254e-05
0
0.000173232
0.000122567
5.47818e-05
0.000160095
0
0.000201181
7.11702e-06
9.82918e-06
9.86765e-05
0
0
2.12357e-05
1.78695e-05
3.5739e-05
0
0
0
1.69077e-05
0
0
1.26375e-05
3.26421e-05
0
0
9.3483e-06
0
0
1.01947e-06
0
0
0.00010589
0.000157036
0.000164923
2.53327e-05
4.39139e-05
0
0
9.50988e-05
0
3.01223e-05
0
0
0
2.19858e-05
2.41594e-05
2.49673e-05
7.45941e-05
6.06486e-05
3.28345e-05
0
0
0
0
1.04639e-05
0.000175964
0.000149265
0.000148592
0.000161287
0
0.000100812
0
0
6.47649e-05
0
8.30191e-05
6.35338e-05
0
1.4234e-06
6.21297e-06
0
6.47841e-05
7.50942e-05
0
0
0.00010387
3.84896e-05
7.34207e-05
3.56043e-05
0
0
0
3.65084e-05
8.11725e-06
8.82895e-06
0
0
4.08748e-05
1.18296e-05
0
4.36639e-06
0.000126144
0
0
0
0
0
3.32769e-05
0
0
0
0
8.09994e-05
0
0.000133858
6.55151e-05
0.000118854
0.000121778
0.000180003
0
0
0.0001514
6.35723e-05
4.56066e-05
0
5.27429e-05
2.90836e-05
0
0.000147361
0.000103293
0.000122297
4.6703e-05
9.58297e-05
2.97953e-05
1.44072e-05
0
0
4.2279e-05
4.72801e-05
5.20312e-05
0
0
0
0
8.1865e-05
0
0
0
8.43078e-05
0
0
0
0
2.71601e-05
0
4.23751e-05
9.80995e-07
0
0
0
0
0
5.11656e-06
0
0
0
7.38247e-05
0
2.08702e-05
0.000112737
0.000127164
0
0
0
0
0.000161075
0.000194295
0
0
0.000170424
1.43495e-05
4.05863e-06
4.19327e-06
0
0
0
1.57921e-05
1.40802e-05
0
0
0
0
0
0
0
1.02716e-05
2.21974e-05
4.75879e-05
0
0
8.03646e-05
0
3.37385e-05
2.72178e-05
1.26568e-05
0
0
0
1.8235e-05
0
0
0
0
0
0
0.000115334
0.000105986
0
0
9.26944e-05
0
0
8.15764e-05
0.00014588
0
0
0
0.000146957
0
0
0
0.000100754
0
3.57775e-05
0
2.40248e-05
0
0
6.81503e-05
0
8.83472e-05
0
0
0
0.000128126
4.95883e-05
0
0
0
3.39886e-05
0
8.94244e-05
0
5.70708e-05
1.15219e-05
0
9.0867e-05
8.06916e-05
1.18296e-05
3.57967e-05
0
0
8.10379e-05
0
0
0
4.00092e-05
0.000130934
0
0
0.000133819
0
0
0
0.000114815
0.000144591
0
0
0.00014561
0
0.000127125
0
0.000169981
0.000169616
1.27145e-05
3.1488e-05
0
6.81311e-05
0
0
5.48588e-05
0
7.34977e-05
0
5.69554e-05
0
0
0.000123509
0
0
6.48803e-05
1.83504e-05
3.55274e-05
5.16465e-05
0
1.41956e-05
0
0
0.000137859
0
0
0.000101696
0.000137089
0
0.00015217
8.48849e-05
0
0.000121643
4.36447e-05
6.34954e-05
0
0
7.94606e-05
1.15796e-05
0
2.25629e-05
9.84265e-05
0.000124548
0.000194987
0
0
0.000133762
8.09994e-05
6.26875e-05
8.6366e-06
3.71047e-05
0
0.000122009
0
0
0.000158363
0
0
0
0.000184869
0
0
0
4.46256e-05
0.000109602
6.90736e-05
0
7.61714e-06
0
3.77394e-05
3.95091e-05
0
0
1.67346e-05
0
0
3.08148e-05
0
0.000122971
0
2.43518e-05
0
0
3.84704e-08
3.54505e-05
0
0
0
0
0
0
0
0
2.58521e-05
0
3.91051e-05
0
0
0
6.036e-05
3.85858e-05
2.79487e-05
5.44356e-06
0
0
0.000156017
0
0
0
3.00454e-05
2.69677e-05
0
0
8.32884e-05
8.01338e-05
0
0.000101504
0
0.000129626
5.03962e-05
6.63229e-05
0
0.000103889
0
0
0
8.04993e-05
1.9216e-05
3.19304e-05
0
4.87227e-05
9.08286e-05
1.93121e-05
0
0
0
7.40555e-05
0.000128626
0
0
0.000140263
9.20981e-05
6.89389e-05
0.000173694
0.000139898
0.000172482
0.000117969
0
2.21397e-05
0
0
7.9826e-06
2.55443e-05
3.45656e-05
0
2.35439e-05
3.91436e-05
5.1935e-07
7.93259e-05
0.000147784
0
0
5.21851e-05
0.00012574
1.05794e-06
5.32815e-06
1.76387e-05
2.61406e-05
0.000177752
0.000146938
0
3.61622e-06
2.30822e-05
5.59359e-05
0
0.000152612
0
0
0
0
0
0
0
0.000158306
0.000152381
0.000154093
0.000190486
0.000132146
0
5.82634e-05
2.44672e-05
0
0
0
1.78695e-05
0
1.83119e-05
0
3.44887e-05
6.3303e-05
3.31807e-05
5.62245e-05
5.4878e-05
0.000105543
0
0
0
0
0.000109948
5.63591e-05
8.50773e-05
6.38608e-06
0
0
3.24882e-05
7.18242e-05
0
5.67631e-05
0
0
0
0
0
0
7.30937e-06
2.71216e-06
0.000107409
0.000101639
0
5.72055e-05
3.16034e-05
0
0
0.0001489
2.1428e-05
0
0
2.93529e-05
0
0
7.73447e-05
0
2.26783e-05
0.000142494
0
3.53928e-05
0
0
0
9.48295e-06
0
0
7.81526e-05
0
0
0
0
7.15934e-05
0
3.82588e-05
0
0
0
0
3.89897e-05
0.000103024
0
0
1.15604e-05
0
0
1.98315e-05
2.80834e-05
0.000108813
3.26998e-07
1.97161e-05
0
0
0
0
0
1.86581e-06
0
3.65276e-05
0
0
3.91051e-05
0
9.21366e-06
0
0
0
1.82734e-06
0
0
0
7.54212e-05
0
0
0.000102716
0
6.37839e-05
3.01415e-05
0
0
0
1.34839e-05
2.97761e-05
1.62537e-05
0
0
0
0
5.46472e-05
0.000118335
0.000159652
0.00010262
0
0.000177983
0.000144225
4.32407e-05
3.51235e-05
0
0
2.42363e-06
6.53997e-07
2.38516e-06
0
0
0
0
0.000138743
4.59529e-05
1.47726e-05
0
0
0
0
0.000128106
0
8.33461e-05
2.38901e-05
0
2.44287e-06
1.7504e-06
0
2.05624e-05
0
0
0.000109294
0.000116988
0.00010412
0
9.90035e-05
0
0
0
0
0.000135897
0
0
0
3.98361e-05
0
0
0
9.04054e-05
0
1.15604e-05
0
0
0
0
0
0.000143571
0.000152881
0
0
0
0
0
0
0.00016171
0.000161056
0
0
0
0.000168616
0
0.000176444
0
2.32361e-05
1.07717e-06
8.5385e-05
0.000147765
4.82034e-05
5.50704e-05
0
0
3.74509e-05
0
0
0.000132319
1.30607e-05
0
3.0257e-05
0.000144149
0
0.00012701
2.56597e-05
0
4.26829e-05
0
0
0
1.43495e-05
1.83311e-05
0
4.69531e-05
0
0
6.73424e-05
1.22721e-05
0.000130126
0.000145803
0
0.000135762
7.59213e-05
0
0.000198219
0.00019743
0.000109814
8.89435e-05
6.88235e-05
0
0
1.4888e-05
0.000118239
0.000107929
0
1.47149e-05
4.20674e-05
0
3.13534e-06
0.000170155
1.3003e-05
0
0
4.23174e-05
6.3303e-05
0
9.09825e-06
7.59213e-05
0
0.000109679
0.000105293
4.22212e-05
0
3.23344e-05
0
0.000127241
5.80133e-05
0
0.00011216
0.00010864
0
5.49165e-05
0
3.81049e-05
6.90159e-05
0
0
5.68592e-05
1.27529e-05
0
6.57267e-05
0
0
5.10694e-05
0
3.35462e-05
0
8.96168e-05
0
7.30745e-05
0
1.82734e-05
0
0
9.3483e-06
6.67654e-05
0
3.32576e-05
0.000134877
4.23944e-05
0
0
0
0
9.76378e-05
0
0
0
0
6.9439e-06
0
0
0
0
0
3.36424e-05
0
0
0
0
3.345e-05
2.64484e-05
0
8.05377e-05
1.17527e-05
2.77371e-05
2.993e-05
5.13003e-05
0.000116854
0
0
9.16749e-05
1.30799e-05
0
5.48203e-05
0
5.89559e-05
4.25482e-05
0
0
0
0
0
0.000117162
0.00015519
0.000139455
0.000135589
2.07163e-05
0
0
0
0
1.85043e-05
2.7641e-05
0
1.23298e-05
9.45217e-05
0
1.84658e-06
0
0
0
3.9009e-05
0
4.50103e-06
8.76355e-05
9.81957e-05
5.02616e-05
0
1.02524e-05
0
6.99392e-05
0
0
0
3.38539e-05
5.58782e-05
0
0
1.6196e-05
3.9259e-05
0
8.09032e-05
0
5.9129e-05
0
8.87319e-05
0.000130011
0
5.14349e-05
0
0.000145341
0.000174656
0
0.000141686
0
4.99153e-05
4.72416e-05
8.48657e-05
0
0.000184869
0.000147457
1.68693e-05
1.32723e-06
5.11079e-05
2.17935e-05
4.52796e-05
0
0
0
0
1.05794e-06
6.86696e-06
0
0
1.96391e-05
0
0
0
0
6.92082e-05
2.25052e-06
3.46811e-05
1.3907e-05
5.64745e-05
1.40802e-05
1.3003e-05
7.93259e-05
0
0.000139724
2.28706e-05
2.2409e-05
0
0
0
0
1.73309e-05
1.15411e-05
0
7.68061e-05
0
9.91574e-05
0.000127202
5.70323e-05
0
0
0
0
0
0
0
0.000113161
0
0
0
8.99822e-05
2.34477e-05
4.94344e-05
1.66384e-05
0
0
0
0
0
0
0
0.000174886
0.000144976
9.86381e-05
0
4.44718e-05
6.74001e-05
0.000167192
0
0
0
0
0
0
0.000132357
0
0.000154824
0
1.6927e-06
0
0
0.000174944
0
0
7.79602e-05
0
3.11802e-05
5.50511e-05
1.24067e-05
0
0
0
0
6.89582e-05
0
6.77848e-05
9.19827e-05
2.88528e-05
0
0
0
0.000133762
0
0.00017881
9.70031e-05
3.19881e-05
0
1.20412e-05
0
0
0.000101216
4.84727e-05
0
0
1.14257e-05
2.2736e-05
5.07809e-05
0
4.07786e-05
0
5.98984e-05
2.90451e-06
6.0687e-05
4.4818e-05
4.51835e-05
0
5.76479e-05
0.00013582
0
0
2.72178e-05
0
0
0.000120124
0
0
0.000180291
0.000149669
3.09494e-05
0
3.13534e-06
0
0
3.52581e-05
0
0
0
8.26729e-05
9.72147e-05
0
0
6.28798e-05
3.0584e-05
0
6.00715e-05
0
0
5.24544e-05
0.000150554
6.93044e-05
6.92467e-05
5.95522e-05
6.48611e-05
1.44264e-06
0
2.67562e-05
0.000117508
0
0
0
0.000161826
0.000164903
0.000153304
0
0.000115392
0
0.000125433
7.88258e-05
0
0
1.44264e-05
1.47149e-05
0
0
3.98746e-05
0
8.52311e-05
2.86989e-05
0.00013507
5.93213e-05
7.86527e-05
0.000131665
0
0
4.92806e-05
0
8.75201e-05
0.000131896
0.000109833
0.000169712
0
0.000108236
0.000105659
6.01484e-05
0.000125683
6.64384e-05
0
3.83934e-05
0
9.38485e-05
0
0
0
7.06509e-05
0
1.03485e-05
2.78526e-05
0
0
0
0
0
2.75063e-06
0
1.05794e-06
0
0
0
0
0
0
4.69339e-06
0.000102158
0
0.000110641
5.34354e-05
6.20912e-05
8.15187e-05
0.000118546
0.000162249
4.21251e-06
5.45702e-05
0
6.19373e-06
0
1.0387e-06
3.26998e-07
0
0
1.1695e-05
0
9.2906e-06
2.04085e-05
8.71354e-06
0
0
1.40802e-05
0
4.32407e-05
0
5.50126e-05
0
0
0
0
6.4611e-05
1.74463e-05
2.07355e-05
0
8.8328e-05
0.000162845
0
0
0.000169731
7.14972e-05
4.03747e-05
9.32137e-05
0
0
0.000175367
0
0
0.00012474
0
0.000118662
0.000164999
0.000184119
0.000140359
0
0
0
4.34331e-05
2.80834e-06
0
3.01993e-05
0
0.000114834
0.000140359
3.48542e-05
0
0
0
3.58736e-05
6.18411e-05
7.2459e-05
0
0
0
3.65469e-07
0
0
3.84704e-05
0
0
2.20243e-05
9.05208e-05
0
0.00017908
0
0
0
0.00019895
0
0.000112718
0.00015694
7.98645e-05
0.00014461
7.74216e-05
0
0
0
3.10456e-05
5.05116e-05
0
0.000106986
9.96575e-05
6.28991e-05
0
0.000115796
0
0
8.94244e-05
0
0
0
0.000128972
4.1221e-05
1.90621e-05
6.66115e-05
2.83719e-05
3.345e-05
0
0
2.41402e-05
7.55943e-06
0
0
7.44402e-06
0
0
3.64122e-05
1.88313e-05
0
0
9.35407e-05
0
0
3.46233e-05
8.00569e-05
3.72778e-05
0.00010891
0.00012424
0.000105678
0
0
7.10356e-05
0
0
0.000145784
0
1.7254e-05
0
0
0
0
0
0
5.1935e-06
0
0
0
1.53882e-07
0
0
0
3.30845e-06
5.97637e-05
2.38516e-05
8.38077e-05
0
8.58274e-05
0
0.000128914
0
8.80779e-05
0
2.29861e-05
0
0
0.000137589
0
7.51134e-05
1.7581e-05
0.0001318
0.000150361
6.07832e-06
0
0
8.3096e-06
6.42648e-05
5.7494e-05
0.000132781
0
0
0
0
0
0
0
0
0
5.40317e-05
2.29476e-05
0
4.13172e-05
0
1.92352e-08
2.16011e-05
0
1.81965e-05
0
0
0
2.36785e-05
0
3.73932e-05
3.74509e-05
4.20481e-05
0
0
0
6.63422e-05
0
0.000143456
6.47649e-05
7.45171e-05
1.89467e-05
0
0
0
1.92352e-07
0
0
0
0
0
2.76217e-05
9.05016e-05
2.49865e-05
5.61668e-06
0
1.6927e-05
0
0
2.09664e-05
0
6.61883e-05
0
0.000137051
0
0.000192679
0
4.21058e-05
0.000103139
0.00015971
9.53873e-05
0
8.89243e-05
0
6.89389e-05
6.79195e-05
8.05377e-05
0
0
0.000138551
0
0
5.45702e-05
9.97537e-05
9.47141e-05
6.75348e-05
0
0.000102639
0.000132473
0.000122124
0
0
0
0
0
0
0.000126683
0.000145726
5.34161e-05
1.40417e-06
3.23151e-06
9.02131e-05
0
3.69316e-06
4.06824e-05
4.65492e-06
0
0
9.80995e-07
0
0
0
7.50557e-05
1.7504e-06
0
0
0.000127837
9.82341e-05
0.000148784
0
5.1935e-06
0
0
0
9.72531e-05
6.72462e-05
0
0
0.000116892
0
9.88497e-05
0
0
2.87566e-05
0
0
4.32215e-05
0
0.000148996
6.3303e-05
7.03816e-05
0
6.89389e-05
9.41563e-05
0
0
8.59428e-05
0.000192775
3.30268e-05
0
1.72155e-05
0
1.67346e-05
0
3.65469e-06
5.10694e-05
0
0.000142456
0
0
2.52558e-05
6.1668e-05
4.25098e-06
0
1.27145e-05
0
0
0.000123913
9.59451e-05
4.03362e-05
0
3.61045e-05
1.65423e-06
2.4044e-06
0
0
0
8.79048e-06
6.09756e-06
0
7.20358e-05
0.000116084
0.00013555
0.000135608
0
9.31176e-05
0.000112526
0
0
7.94606e-05
0
8.70392e-05
4.43179e-05
0.000111141
0
0
2.15434e-05
0
5.46279e-05
0
0.000131626
0
0.000177348
0
6.03408e-05
0
0
0
0
0
1.42148e-05
0
5.93406e-05
0.00012222
0.00012953
0
9.01746e-05
0.000127895
0
0.000109544
0
9.44448e-05
1.49457e-05
0
4.07786e-06
0
0
0
0
0
0
2.05817e-05
0
0
9.69646e-05
0
7.91721e-05
9.3887e-05
3.66815e-05
1.0387e-05
0.000110775
0
9.64645e-05
0
0
5.47241e-05
0
0
0.000156055
0
0.000165269
0
0
0
0
0
0.000155286
0.000183504
0
0.000120508
4.51835e-05
0
0
0
0
0
0
5.2993e-05
0
9.84842e-05
0
0
0
0
0
2.63137e-05
0
0
0
0
0
0
2.92567e-05
5.71093e-05
0
3.5739e-05
0.000131357
0.000116527
0
4.8338e-05
0
0
0
0
0
0
0.000148496
0
0
0.000161729
1.99084e-05
1.57344e-05
0
0
7.49018e-05
0
0
0
7.92875e-05
0
0.000105313
0
0
9.30599e-05
0
0
6.69769e-05
0.000165346
9.73685e-05
0
0
0
0.000193487
0.000115892
0
2.40055e-05
8.86935e-05
0
0
0
0
5.37431e-05
1.83311e-05
0
3.51619e-05
0.000140321
6.95352e-05
3.09687e-06
7.57867e-05
0
0
0
0
0
1.39455e-05
0.00013003
0
6.63614e-06
0.000104793
0
7.18434e-05
5.6186e-05
0
0
8.70008e-05
0
2.30245e-05
0.000136166
0.000140532
2.43325e-05
0
0
0
1.29645e-05
0
6.41686e-05
0
7.64214e-05
0
0
0
0
0
0
0
7.26321e-05
6.4611e-05
0.000130934
0
0
0.000119258
4.86266e-05
0
9.78302e-05
0
0.0001504
0
0
0
0.000145264
7.05354e-05
0
0
0
0.000186004
0
1.92544e-05
0
2.61599e-05
0
0
0
0
5.95137e-05
5.96099e-05
0
0
1.93121e-05
0
2.76217e-05
3.15842e-05
1.73117e-07
0
7.10163e-05
0
3.56236e-05
7.66138e-05
0
0
4.2606e-05
0
0
0.000151843
0.00016196
7.32091e-05
5.39547e-05
0
0.000143264
0.00014863
0
0
0
0
0.000157094
0
7.48826e-05
2.61022e-05
5.34931e-05
0
4.07401e-05
0
0
0
3.50658e-05
2.78526e-05
1.84658e-05
3.42579e-05
0
4.32792e-05
0
2.30822e-06
0
1.65423e-06
3.21228e-06
1.32723e-06
0
5.11656e-06
0
1.25606e-05
0
0
0
8.4077e-05
0
0
0
7.53827e-05
0
0
0
0.000100523
0
1.60422e-05
1.31761e-05
0
0
4.84534e-05
0
0
6.69385e-05
0
0
0
7.99607e-05
0
2.3063e-05
0
0.000104159
0
9.5772e-05
4.97807e-05
0
2.24667e-05
0
0
4.1952e-05
3.57775e-05
0
9.11748e-06
5.55128e-05
0
3.28729e-05
0
6.42455e-05
9.4791e-05
0.000127991
0
0
0
0
0
0.000130492
0
3.09494e-05
0
0
0
0.000129568
5.43202e-05
6.83811e-05
2.20051e-05
2.44672e-05
0
7.15549e-06
0
0
0
3.4431e-06
0.000108602
0
2.47557e-05
0
6.57651e-05
1.96776e-05
0
0
4.07594e-05
0.000106063
7.9249e-05
9.41178e-05
0.000148092
0
0.0001323
0
4.00092e-05
0
0.000131992
0
0
0
0
0
6.81503e-05
0
0
0
9.57913e-05
4.67415e-05
7.05932e-05
0
1.47149e-05
0
0
0
6.53997e-07
4.11633e-06
0
0
9.75224e-06
5.65515e-05
0.000158979
0.00012928
0
0
0
0.000141282
0
0.000173155
0
0
0
6.06678e-05
2.4698e-05
0
0
4.85112e-05
0
0
0
7.4017e-05
0
0
0
1.89274e-05
0
0
5.90905e-05
0
0
0
2.21205e-06
0
0
1.73309e-05
2.61983e-05
0
0
5.45702e-05
4.99153e-05
0
7.22474e-05
0.000106851
0
0
2.8949e-05
0.000133338
0
1.45995e-05
0
0
0
2.78141e-05
2.48134e-05
0
1.81773e-05
6.61691e-06
0
0
1.69654e-05
0.000105293
8.59813e-06
1.51958e-06
0
0
0
0
0
5.28968e-06
1.1368e-05
2.6987e-05
5.61475e-05
0
0
0.000157036
0
0
0.000153439
0
0.000143533
0
1.19066e-05
0
0
0
8.65776e-05
0
0
0
0
0
0.000117623
0
0
0
0
6.80156e-05
4.15865e-05
0
0
0
0
6.38031e-05
0
0
4.51835e-05
0
0
0
0
5.41471e-05
1.24259e-05
9.91574e-05
0.00012499
0.000139282
0
0
0.0001499
0
1.17335e-05
0
1.07717e-06
0
0
2.13895e-05
5.00884e-05
0.000121374
9.73301e-05
3.90859e-05
0
0
2.30822e-06
0
0
7.49595e-05
4.57605e-05
0
0
0
0
0
1.3984e-05
0
0
0.000161249
7.6306e-05
0
0
3.71047e-05
0
0.000177752
0
0
0
0
0
5.1358e-05
2.3967e-05
0
1.50419e-05
0
0
0
8.39808e-05
0.000112295
0
0
3.19304e-06
0
5.14157e-05
6.66307e-05
0
0
0
4.85689e-05
6.17642e-05
0
0
0.000114257
0
6.45918e-05
0
0
0
0
3.25075e-06
0
0
7.5402e-06
0
0
3.63545e-06
0
0
0
3.03147e-05
5.2012e-05
0
0
0
0
3.66238e-05
0
0
1.15026e-05
9.6753e-06
0
3.49311e-05
8.00184e-06
0
0
0
6.74193e-05
0.000184619
0
0
0
0
0
0.000129587
4.00669e-05
3.22767e-05
3.36616e-06
0
1.05794e-05
0
0.00012574
0.000144014
0
4.53951e-06
9.52911e-05
4.69339e-06
6.77079e-06
4.25098e-05
0
0
0
0
2.17165e-05
5.69746e-05
5.15888e-05
3.99707e-05
1.4234e-06
0
0
6.94583e-05
3.20074e-05
0
0
0
0
6.45341e-05
3.85089e-05
9.30983e-06
7.64791e-05
0
0.000115353
0.000178022
0
6.25913e-05
0
0.000124471
0
0
0
6.89966e-05
1.23875e-05
4.98961e-05
0
2.53905e-06
2.78333e-05
1.50996e-05
0
1.6927e-05
1.98122e-05
0
2.37747e-05
0
0
7.99607e-05
0
0
0
0
4.35677e-05
2.52173e-05
4.57798e-06
1.41379e-05
0
0
4.36254e-05
0
0
2.12934e-05
7.40555e-05
0
2.42171e-05
0
0
0
1.81773e-05
0
0
0
7.61714e-05
0
7.65561e-06
0
0
7.67484e-06
0
0
7.52673e-05
4.33561e-05
0.000121855
1.43879e-05
8.63468e-05
7.74986e-05
2.96222e-05
9.28098e-05
0.000152112
0.00012399
0
0.000120066
7.98838e-05
0.000140917
1.51958e-05
0
0
1.98122e-05
8.59621e-05
0
2.06394e-05
0.000107582
0
0.000145764
0
0.000121105
0.000114392
0
0.000164653
0.000168673
0.000175002
0
0
0
0.000126529
0
0
0.000151996
8.37116e-05
0.000181676
0.000150438
0
0
0
0
0.000155517
0
0
0
8.79625e-05
0
7.0093e-05
0.000114065
0
0
0
0
0
0
0.000131107
0.00012953
4.34331e-05
0
6.04947e-05
0.000139032
7.06893e-05
4.48949e-05
0
0
0
0
3.84704e-07
0
0.000107756
3.04685e-05
0
0
0.00012801
2.53135e-05
3.06609e-05
0
0
0
6.18796e-05
0
3.30268e-05
0
5.80903e-06
9.37139e-05
0
0
8.83857e-05
6.08986e-05
2.51212e-05
4.37601e-05
0
0
0
0
8.46541e-05
7.82295e-05
0
0.000155824
2.40055e-05
0
0
0
0
8.98283e-06
0
0
1.02908e-05
0
3.999e-05
9.23289e-06
0
0
0
6.40917e-05
5.89559e-05
0
0
0
0
0.000198757
0.000130049
0.000189563
0.000134242
0
0
0
0.000118623
0.000108737
6.24567e-05
4.63568e-06
0
0.000108737
0
0
3.95476e-05
0
2.5025e-05
4.63568e-06
5.17619e-05
0
1.87158e-05
0
1.25221e-05
3.06224e-05
2.43518e-05
5.76094e-05
0
4.17019e-05
9.85034e-05
0.000120181
0
0.000104159
0
3.8278e-06
3.8682e-05
5.73209e-05
0
2.21974e-05
0
4.49911e-05
0
0.000126587
0.000148669
0
0.000156882
7.30937e-05
5.04731e-05
0
9.75609e-05
0
0
0
6.07832e-06
0
6.09756e-06
0
0
0
2.93337e-05
6.31876e-05
8.4404e-05
7.94221e-05
6.82849e-05
0
0.000162364
0
0.000183446
0
0
0.000193044
4.85496e-05
0
0
0
0
0
0
4.59721e-05
5.32815e-06
2.59098e-05
1.73309e-05
3.35462e-05
0
0
1.47342e-05
5.99753e-05
0.000131703
0
1.34646e-07
0
8.46348e-06
0
0
7.61906e-05
0.000109275
0.000134339
0.000106775
0.000122797
0
4.85496e-05
5.86673e-06
9.09825e-06
0
0
5.09733e-06
1.63114e-05
0
0
8.97322e-05
0
9.88689e-06
7.36708e-06
0
3.78164e-05
8.6366e-06
2.41979e-05
0
0
0
0
0
4.23174e-06
9.57913e-06
0
0
0
0
1.47149e-05
0
2.48519e-05
0.00012551
8.67507e-06
0
0
0
3.49888e-05
0
0
0
3.0584e-05
4.77995e-05
2.3063e-05
2.23321e-05
2.24475e-05
8.10186e-05
0
0
0
0.000103024
1.6927e-06
8.79048e-06
2.40825e-05
0
0
9.2252e-05
1.54266e-05
0
0.00011293
7.33823e-05
2.73332e-05
7.64214e-05
0
9.92536e-05
0.000113969
0.000115584
0
0
0
0.000145514
0
0
3.56236e-05
4.68954e-05
0
1.54074e-05
3.14495e-05
3.83165e-05
0
1.75617e-05
0.000172963
0
0.000137916
0
0
0
5.59936e-05
6.51304e-05
0
2.19858e-05
3.37962e-05
1.71386e-05
0
0.000162287
0
1.9543e-05
0
1.56767e-05
6.79579e-05
0
6.2322e-06
0
3.92013e-05
5.76479e-05
0
1.64461e-05
1.67731e-05
0
0
4.16827e-05
0
7.0747e-05
0
0.000110333
0.000118643
0.00014236
4.01246e-05
0
0
1.58883e-05
2.26206e-05
4.05863e-06
0
9.75224e-06
5.11656e-05
0
2.6256e-05
0.000127048
0
8.48849e-05
0
0.000111045
0
0.00016573
6.2976e-05
3.57005e-05
1.00215e-05
5.58782e-05
2.82757e-06
0
0
0
0
0
2.4698e-05
0.000141186
0
0
7.80372e-05
0
3.08148e-05
9.73301e-05
0.000172136
0.000141456
0
0.000104312
0.000161922
0
0.000140802
8.98476e-05
0
0
0
0.000156825
9.11171e-05
0
0
0
0
4.59913e-05
2.60252e-05
0
9.98884e-05
6.48034e-05
0
0.000100523
0
4.19904e-05
0
1.96776e-05
0
0
0
1.4638e-05
6.35915e-05
0
4.21251e-06
4.17404e-06
0
0
0
2.34285e-05
0
0
0
1.50034e-05
6.11679e-05
0
0
1.19258e-06
2.51789e-05
1.32338e-05
0
0
0
4.59336e-05
0
0
0.000128741
0
0.00015115
4.58182e-05
5.29737e-05
0
0
9.84649e-05
9.21943e-05
9.72724e-05
3.43733e-05
0
0
0
7.46518e-05
7.59982e-05
0.000105236
0
0
0
0
0
0
0
0
0
8.702e-05
0.000110737
0
0.000118104
0
6.74001e-05
2.84296e-05
0
1.48111e-05
0
0.000118662
0.000137243
7.17088e-05
0
2.39093e-05
0
5.76671e-05
0
0
0
0
3.40078e-05
0
0
0
0
0.000150592
0
0.000107679
0
0
0
0
0.000186812
0
0
0.00015342
0.000128164
3.75279e-05
7.21512e-05
0
3.20074e-05
0
2.35823e-05
7.54789e-05
0.000122336
7.0824e-05
0
4.05285e-05
3.31999e-05
6.28414e-05
0
0
0.000106851
0
0
0.000117969
0.00018033
0
0.000156882
0
6.30722e-05
2.16204e-05
0.000136185
0
1.73501e-05
7.2709e-05
4.51835e-05
0
0
0
0
0
0
0
8.26151e-05
0
0
0
3.75471e-05
0
3.17188e-05
0
0
0.000137897
3.16804e-05
0
1.8889e-05
0
0
1.86966e-05
0
9.05978e-05
0
1.02716e-05
1.34646e-05
0
0
0.000163768
0.000101369
0
0
0
0
0
9.97729e-05
8.54235e-05
0.000146938
0
8.15187e-05
0
0.000135473
0
0
0
0.000147015
0.000179234
0.000159094
0
0
5.4878e-05
2.97376e-05
0
0
6.62652e-05
0
0
0.000111333
9.24828e-05
0
0
0
7.9826e-05
0
1.92544e-05
0
0
2.44287e-06
4.81457e-05
6.8208e-05
0.000114699
2.32169e-05
0
0
8.21343e-06
0
9.23289e-07
2.29091e-05
8.4808e-05
0
3.68546e-05
7.61714e-06
3.69316e-06
0
0
9.42524e-07
0
0
1.18104e-05
2.52943e-05
0.000118335
0
0
5.22813e-05
0
0.000191486
0.000196314
0.000195218
0
0.00011293
0
0
0
0
0
0
0
0.000141225
0.000129434
0.000149188
0
0.000133011
0.00014436
0
0
0
0
0
0.000166827
0
0
6.56689e-05
7.37862e-05
0.000113815
0
0
2.8218e-05
0
7.34207e-05
8.63083e-05
1.93891e-05
0
0.000100485
0
0
0.000112853
0
1.88313e-05
0
3.91629e-05
0
6.57074e-05
5.43202e-05
1.01947e-05
0
0
2.74486e-05
0.000103543
0.000163499
2.39478e-05
1.42148e-05
0
0
0
0
0
0
1.54459e-05
3.09687e-06
0
0
5.83019e-05
0
0
0.000114565
0
0
8.05762e-05
0
0
4.16057e-05
0.000101639
0.000122913
0.000163961
0.00020045
0
0
0.00017229
0
0
0
0
0.000164596
0
0.000179445
0
0.00010941
2.46788e-05
0.000112526
0
0
3.8682e-05
0
0
0
1.4234e-05
0.000108602
9.1848e-05
0
0.000199084
7.13433e-05
5.7417e-05
4.41255e-05
0
0
0
0
0
1.43495e-05
1.58883e-05
0
8.75971e-05
0
1.70424e-05
0
1.6927e-05
0
0
0
8.69046e-05
0.000115931
3.0911e-05
0
1.07909e-05
0.000123855
4.57605e-05
0
0
0
0
0
1.358e-05
0
8.84819e-07
0
4.88189e-05
6.57844e-06
0
0
3.12572e-05
2.13126e-05
6.1418e-05
2.17742e-05
6.4361e-05
4.89728e-05
0
0
4.09133e-05
3.37578e-05
0
0
0
8.44425e-06
4.88574e-06
0
0
5.53012e-05
0
0
4.30291e-05
2.89874e-05
0
0
0
2.47557e-05
3.61622e-06
0
0
0
1.51381e-05
0
0
1.88505e-06
1.64269e-05
1.76579e-05
2.9199e-05
0
3.10841e-05
4.32792e-06
0
0
4.95691e-05
1.24067e-05
0
0
4.8088e-07
0
8.21343e-06
0
0
0
0
7.67484e-06
6.31491e-05
0
0
0
0
1.89082e-05
0
0
0
5.79172e-05
8.85396e-05
0
0
0
0.000152189
9.81187e-05
0.000113988
0
0.000104447
0
7.19589e-05
9.49641e-05
0.000106409
0
0
6.15141e-05
3.52196e-05
0.00012274
6.08601e-05
4.48757e-05
5.35508e-05
4.21635e-05
0.000154805
0
0
0
3.018e-05
1.03678e-05
1.44456e-05
0
0
8.07878e-05
0.000114219
1.24836e-05
0
4.32599e-05
3.26998e-07
4.52027e-06
1.16373e-05
2.97376e-05
0
7.38824e-05
0
0
0.00019064
9.01553e-05
0
0.000106717
1.19451e-05
1.86389e-05
7.81526e-05
9.89266e-05
0
0.000108506
0
6.98045e-05
5.03e-05
4.56643e-05
0
0.000154189
0.000150785
0.000145995
0.000151381
8.62314e-05
0.000104966
0.000168616
0
0
2.94875e-05
0
0.000171751
0.000190409
4.26829e-05
3.42771e-05
0
0.000110372
0
4.15865e-05
0.000140513
0
7.14395e-05
0
0.000112007
3.53928e-05
9.46179e-05
4.77417e-05
0
0.000108159
0
0
7.05932e-06
2.86604e-06
0
5.7744e-05
9.40409e-05
0
0.000186139
0.000115565
0.000103543
0
6.40917e-05
7.92105e-05
0
0
0
0
0
0
0
0
1.23682e-05
9.60028e-05
0
0
7.53442e-05
0
0.000150208
0.000131934
4.88382e-05
0
0
0
0
0
0
0
0
0
0
0
4.72609e-05
0.000162903
0
0.000109794
1.54074e-05
3.18342e-05
4.69531e-05
2.92375e-05
0
0
5.5532e-05
0
2.32746e-06
3.66623e-05
0
0
1.48496e-05
0
5.88789e-05
0
0
0
0
0
3.33731e-05
5.65515e-05
0
7.82103e-05
9.24636e-05
0
6.57844e-06
0
1.15411e-05
0
0
0
0
2.29283e-05
6.40917e-05
4.91844e-05
0
0
0
4.68762e-05
1.72155e-05
0
0
0
2.8949e-05
0
9.5849e-05
8.72893e-05
0
7.59213e-05
9.56758e-05
0
1.66384e-05
0
0
0
4.84342e-05
0
0
0
0
0
4.93383e-05
0
0
0
2.50635e-05
0
1.47149e-05
0
5.25505e-05
1.01177e-05
0
1.55228e-05
0
3.345e-05
6.9439e-05
1.46187e-05
0
0
4.45487e-05
0.00011545
0.000104466
0
0
0.000160229
0.000193775
0
6.08024e-05
8.08647e-05
0.000112199
0
5.3647e-05
3.96053e-05
4.49142e-05
0
6.15334e-05
2.18896e-05
0
4.55874e-06
0
0
9.00207e-06
0
0
7.33823e-05
0
4.62029e-05
0
0
0
0
6.58421e-05
0.000110295
0
0
0.000100562
0
1.07525e-05
0
3.16419e-05
0
1.9466e-05
0
8.1461e-05
3.11225e-05
0
4.00284e-05
4.23174e-07
0
0
1.01754e-05
0
1.89082e-05
0
0
0
