-4.720448336367682352e+00
-3.011706441037608428e+00
-2.702675025173656653e+00
-1.180333294402252209e+00
-2.582037057470723873e+00
-2.630554799171320735e+00
-1.129886085019719433e+00
-3.933195486253912243e+00
-3.838489408787575385e+00
-1.613382339128448972e+00
-5.061999673929715726e+00
-3.874512255065459154e+00
-3.873386604521738552e-01
-5.111403728888628262e-01
-3.267530184115761571e+00
-2.926509912370491850e+00
7.332746406892384772e-02
-2.025852208183534842e+00
-2.158289150659799649e+00
-3.674499776983144006e+00
-4.031276777351418872e+00
-2.555042601828238613e+00
-2.953194028399964033e+00
-7.491745766046151722e-01
-2.699611707407330030e+00
-3.891107439956976055e+00
-3.007597494023232620e+00
-3.357718170376907452e+00
-1.571836612961085677e+00
-1.959103168858204125e+00
-3.383776833283893559e+00
-5.468679466776175779e+00
-4.641924777843795979e+00
-2.351952024062665014e+00
-2.342178972547270366e+00
-1.936563309925700471e+00
-2.028078276237765820e+00
-2.373165461049516534e+00
-4.923311776097704318e+00
-3.364863739552239608e+00
-1.611042780151217046e+00
-2.641921345480492178e+00
-2.590572678053544298e+00
-2.129286733381559049e+00
-2.771645380905548794e+00
-3.167650988923327748e+00
-1.489752804461595526e+00
-1.374695753496572581e-01
-5.366379396222056286e+00
-3.923194041427639167e+00
-1.959524120285406346e+00
-2.102474431156530432e+00
-3.111347505718866202e+00
-2.726854357190138689e+00
-3.798925088265784566e+00
-1.557534178217321541e+00
-2.494452022029461258e+00
-2.605901103582504152e+00
-1.926304702932010837e+00
-4.066415481733387516e+00
-2.395670662221745406e+00
-2.696182793463565375e+00
1.836001559269464956e+00
-3.891539994440313954e+00
-5.244542805759779824e+00
-9.006968623146840436e-01
8.314224937689222994e-01
-3.322397643279268564e+00
-2.158105121872461840e+00
-1.448725496022539083e+00
-5.620106710054854737e+00
-3.249157686312142079e+00
-2.897019500928474933e+00
-1.798664767051768143e+00
-3.150343467317384683e+00
-3.409694783001076424e+00
-1.767849989184208548e+00
-4.248211417584840888e+00
-2.249021294926764725e+00
-3.070431860442238037e+00
-3.677893213518233395e+00
-2.038144864078922591e+00
-3.429189067275411951e+00
-2.015461743683670814e+00
6.317110278930867032e-03
-1.003241530130244641e+00
-2.207993623037061148e+00
-3.091565697937636692e+00
-3.172632719383354338e+00
-3.745961693408799142e+00
-1.509541833541978795e+00
-2.158290086075469461e+00
-4.052063937387753612e+00
-3.755453390877546482e+00
-3.633440637902652703e+00
-2.364252889683134740e+00
-1.724050401428204760e+00
-4.402167536699592709e+00
-2.041200775267504763e+00
-3.447686370707677028e+00
-2.902337083164054032e+00
-1.945277577212113362e+00
-3.399219445771589410e+00
-2.779794522601496620e+00
-5.622780476754921430e+00
-2.850163285534580648e+00
-1.877315465906669534e+00
-2.234044874294289773e+00
-1.751992962253060115e+00
-3.678533956291591078e+00
-1.525890332382393355e+00
-2.606190082605001734e+00
-3.678275505125196521e+00
-4.857799694679198588e+00
-1.029690015826909111e+00
-4.319845242721553014e+00
-1.879135544894150911e+00
-2.088427913008007231e+00
-2.595560078761733447e+00
-1.979957787035148131e+00
-4.724619935975090002e+00
-1.930968202844389081e+00
-1.828063816696372523e+00
-1.685078990780174646e+00
-2.487976451326299632e+00
-3.902128276520691941e+00
-1.331656523207880305e+00
-2.372382250217197175e+00
-1.980654042959123728e+00
-2.588524453131057612e+00
-2.327140883955986617e+00
-3.061640085174063053e+00
-2.552642541868285875e+00
-2.813501152536860506e+00
-9.892598346495948824e-01
-2.366942710263923111e+00
-4.488002792609318448e+00
-1.219936432932510639e+00
-4.392735291580844859e+00
-1.721182683917842571e+00
-4.581913140432595455e+00
-3.614886174929668794e+00
-4.685570505205339131e+00
-5.331135804620945606e+00
-5.866274528089265416e+00
-2.480404654694125632e+00
-3.821921322255179110e+00
-3.542201876920988202e+00
-8.006043844553617506e-01
-1.027539091620018663e+00
-3.214021931495669282e+00
-2.809764798484989612e+00
-4.022486087464881344e+00
-1.119397023939761926e+00
-1.699394268539035524e+00
-2.078348250463224467e+00
-4.208724104281290401e+00
-2.022348652673884750e+00
-5.404132430092618122e+00
-3.996988563450417420e+00
-2.386185368517631744e+00
-2.651327791745968110e+00
-1.538475552369349630e+00
-2.189996476765238675e+00
-3.214392863490339369e+00
-2.036698603466162716e+00
-2.057612558581806361e+00
-1.830237138894186044e+00
-5.559787379931533380e+00
-3.878737195174987384e+00
-1.193398605015118186e+00
-9.971542922239586826e-01
-2.196740525761479823e+00
-4.229655501432022291e+00
-2.287795749287434344e+00
-2.782706083079053538e+00
-3.586692776455135068e+00
-3.226476987633392746e+00
-2.144123013517781562e+00
-1.271551924958924440e+00
-1.670830051464429422e+00
-3.002825571255795634e+00
-3.001109594533713398e+00
-2.273290752984793883e+00
-2.382905979279170694e+00
-4.080783602584753034e+00
-1.940178174031347513e+00
-3.217841724512359391e+00
-2.443639112221867915e+00
-1.937547893892175077e+00
-2.603617946034276986e+00
-1.314132429404099467e+00
-3.444330468134640277e+00
-1.786679498091867657e+00
-4.933672560327303280e+00
-3.589422642803439700e+00
-1.980948818278724710e+00
-2.500499503776891341e+00
-1.035032611814048931e+00
-2.803545464261271825e+00
-2.251215216428928745e+00
-3.425084334680498444e+00
-2.472765271253850816e+00
-1.111198091796369081e+00
-4.143051721193996006e-01
-2.420218447702992659e+00
-2.610148846657442512e+00
-2.679557552607145343e+00
-1.733900955518562936e+00
-4.632837247911775869e+00
-3.131553089957158864e+00
-1.174192646260869388e+00
-2.000421654422262829e+00
-1.976586091666195921e+00
-3.742769006015655542e+00
-3.872844093791639741e-01
-2.394186856443972111e+00
-3.529804048699212993e-02
-3.286170890822954327e+00
-5.742798798001379268e+00
-2.919170640281413043e+00
-1.949144781250998104e+00
-2.299913379817175141e+00
-1.021155467565540986e+00
-2.733803158877587514e+00
-1.432768430986606667e+00
-3.153447236810830723e-01
-2.611866295786221759e+00
-3.248859149486982734e+00
-4.205620210497865052e+00
-2.761153574380685427e+00
-2.638672565635395539e+00
-3.290017814916307959e+00
-3.040422560820270625e+00
-4.041999629639917435e-01
-1.949175551105381876e+00
-4.429890264426629365e+00
-5.055062641392138900e+00
-1.943950109470640175e+00
-5.817325181099219922e-01
-2.477811699390339850e+00
-2.075458847242265481e+00
-5.492744472747915552e+00
-3.864662335720653985e+00
-2.688372655588341598e+00
-2.865225307058479665e+00
-3.093281363141300311e+00
-6.949854484892082906e-01
-1.873947719887045338e+00
-1.970117670813573474e+00
-3.876048647810502512e+00
-3.672233292837109087e+00
-1.349772923928790114e+00
-3.947360242635982175e+00
-2.075999984258177555e+00
-3.002097934090046216e+00
-1.578729511677737785e+00
-2.804451337401390631e+00
-2.564415553781458357e+00
-1.642428013495466965e+00
-2.791746996945671189e+00
-2.185746359509511461e+00
-2.995378223047611144e+00
-2.067513677530850025e+00
-2.844010979145144002e+00
-2.003758891320063018e+00
-8.811728432952588008e-01
-2.433022170410176432e+00
-9.661049052015958649e-01
-7.619503682537647204e-01
-1.952873053433749950e+00
-2.705313731679969802e+00
-2.929852481672794440e+00
-5.641999982856084062e-01
-4.663303534357324587e+00
-5.765971868508960041e-01
-3.599867815184215392e+00
-2.451679457054921407e+00
-3.074369464597961787e+00
-2.307396111666164096e+00
-1.854497423904308162e+00
1.783582246250079217e+00
-4.613171693616860303e+00
-2.069837981213018541e+00
-3.415237328259455030e+00
-3.546034621160385925e+00
-2.961956532173589451e+00
-9.515293026547421151e-01
-2.089484467578581750e+00
-2.084068432071087607e+00
-1.363825277536504066e+00
-3.707249565087903154e+00
-2.063358434801094710e+00
-2.448016405589157785e+00
-2.493611963835383527e+00
-2.073128713427975001e+00
1.504284374921646128e+00
-2.325366271467563362e+00
-3.336952707974073284e+00
-1.887217482829605331e+00
-2.999931801219552607e+00
-3.666795446103009670e+00
-5.015404491427569944e+00
-3.564034526993566487e+00
-1.927354366249596884e+00
-3.302788459625475959e+00
-5.146598795870163556e+00
-2.256172280417033882e+00
-5.501481613434135554e+00
-2.555639090562744187e+00
-4.269116961973237201e-01
-3.094355215853901164e+00
-3.074667182798021869e+00
-2.440819991957528412e+00
-3.308480652348589901e-01
-3.147573772547122228e+00
-3.991242307478636508e+00
-2.365807274153875372e+00
-3.089184031540928022e+00
-1.936010998800633320e+00
-2.046031670183831253e+00
-2.412018317202242024e+00
-2.284033611851299828e+00
-2.537314875868699637e+00
-2.381569332305537134e+00
-2.475759920009093840e+00
-4.046565645965206848e+00
-3.275065084220739386e+00
-3.566437250000473735e-01
-2.489412281137833638e+00
-4.787176740261611663e+00
-5.107549562267198695e+00
-2.187924166713582252e+00
-4.499329775106148510e+00
-2.469865419473078472e+00
-4.123024011535525446e+00
-2.513130981207739811e+00
-2.336884343311586676e+00
-4.432009751172058643e+00
-3.356000882380436146e+00
-2.318807670916467334e+00
-1.240199229791262958e+00
-1.924000905714935206e+00
-3.264519775219471676e+00
-2.566797670460303049e+00
-1.808316586739839860e+00
-3.296622374851947868e+00
-2.960546850133846775e+00
-4.775438447708054035e+00
-3.640525437236343365e+00
-9.914535121169549825e-01
-2.075561087734127952e+00
-7.870054333646812061e-01
-5.376544534726884095e+00
-1.639379654225732619e+00
-2.988357630708879054e+00
-3.376760712445336488e+00
-2.466858379242112154e+00
-3.269190777156089744e+00
-3.533312388425442485e+00
-2.607069779676951971e+00
-4.454790510549209159e+00
-2.277520413932862198e+00
-1.959303971694556612e+00
-3.501039181749044715e+00
-1.726576523706021771e+00
-2.656284090199910963e+00
-3.342601751369857599e+00
-2.765809558904259724e+00
-5.299228102027569776e+00
-4.223482136448009072e+00
-2.995498845478602679e+00
-2.115695449657850613e+00
-2.207850506500725896e+00
-1.081368294671287922e+00
-4.501268582963382059e+00
-2.107558244582176776e+00
-1.298805716164603608e+00
-3.461273350088864387e+00
-3.189547413873742521e+00
-1.032102530042678268e+00
-3.313734260059543413e+00
-2.525375500878678015e+00
-1.444511054188366561e+00
-2.887093543894515335e+00
-5.575832329101990226e+00
-7.043040912582976265e-01
-5.063243945738910234e+00
-3.564915629987058132e+00
-1.914063647924507228e+00
-2.725358954878871920e+00
-1.329961277319651192e+00
-2.350772414357900963e+00
-1.226569369446003144e+00
-3.595703398457613442e+00
-2.687724438184445397e+00
-1.763314746494377694e+00
-2.805225929548274433e+00
-1.507051481123209857e+00
-6.120436091689565039e+00
-1.415050120732364691e+00
-2.585822320403466712e+00
-1.632090562614550544e+00
-3.477571097882126150e+00
-4.637094811345134460e+00
-3.740787496912826082e+00
-3.570419314294080326e+00
-2.305572859834321697e+00
-1.908014213378984358e+00
-2.060874592277976092e+00
-1.623044335772076741e+00
-1.974480694284246329e+00
-1.693337839107046827e+00
-5.710755472262188270e+00
-3.522630638437390438e+00
-3.512523507251489097e+00
-5.024330231444563921e+00
-2.111705503429906816e+00
-4.374241068374763231e+00
-2.730380689401386896e+00
-4.091034778463764177e+00
-2.158215405400960574e+00
-4.125713843021523886e+00
-5.737476627706704413e+00
-1.937905111100804101e+00
-2.692726336853361602e+00
-1.824400529836853080e+00
-1.584911737196948334e+00
-3.287146035063155391e+00
-1.916461071896271795e+00
-6.209468318635725792e-01
-4.891790844871471755e+00
-4.648144224144162173e+00
-3.326246586788100146e+00
-1.646066917034444854e+00
-2.878092073348505142e+00
-1.316499501539283079e+00
-2.195312833981561962e+00
-2.522345331181636841e+00
-2.429229184368213446e+00
-2.652199990582855715e+00
-3.204185895840946152e+00
-2.091309235018401935e+00
-2.114464139332509429e+00
-1.868139149562491719e+00
-1.200496315226232236e+00
-1.412271628826861081e+00
-5.259645668689628906e+00
-2.007710803020955392e+00
-2.666015447571595587e+00
-2.437396631693117488e+00
-2.502338145548044235e+00
-1.959341567151806851e+00
-2.238839107709769571e+00
-2.576087286928126385e+00
-2.202474728654888914e+00
-2.547444414151353254e+00
-3.559297955995315288e+00
-3.320402458237150523e+00
-2.605958466368463622e+00
-1.541075678582054298e+00
-3.317348190205891445e+00
-4.939113852189093379e+00
-4.042062390806412608e+00
-5.167222837471031838e+00
-2.007486111424082065e+00
-2.755812061110491928e+00
-4.257967618921972175e+00
-2.892985722779833235e+00
-1.161828072755902941e+00
-3.108520480884057857e+00
-2.132139643786339356e+00
-1.748720645219339342e+00
-2.048383062866502069e+00
-2.137635773561457952e+00
-2.764866885408987063e+00
-4.036096574891472777e+00
-2.678064836810472915e+00
-1.641666342942170065e+00
-3.839221447782471763e+00
-3.308042820857749255e+00
-1.952069155001481260e+00
-2.269518918465133428e+00
-4.932591963627673159e+00
-3.177278390045551237e+00
-3.154986479251912002e+00
-1.352996181261097552e+00
-1.352217938022765686e+00
-1.343245113926545775e+00
-3.728826862219697613e+00
-2.567145191723231967e+00
-2.729852516912111060e+00
-1.823064804487303014e+00
-2.524099183447235717e+00
-1.913338296034832187e+00
-2.293730965474641170e+00
-2.000322376542984060e+00
-2.396781412631537211e+00
-2.069128113907344968e+00
-2.226617605866634708e+00
-3.704984133923280520e+00
-1.975854677473189547e+00
-2.855153063234347588e+00
-2.313411730887314999e+00
-1.820149841611180763e+00
-2.386800814619571831e+00
-1.971706291468082295e+00
-5.236924930023574731e+00
-2.999163167019649912e+00
-3.979128666237029321e+00
1.112775791157785514e-02
-5.837283582312172037e+00
-2.350140797185330754e+00
-2.911407049236477196e+00
-2.284580683689701797e+00
-1.262442793569064525e+00
-2.149721741937503872e+00
-1.429497291253452262e+00
-3.089951333489471708e+00
-3.919768545736820098e+00
-1.746777790590473556e+00
-2.130287984119811018e+00
-2.293425960780055561e+00
2.485020627629622170e-01
-1.124930691169310215e+00
-3.252992022770512470e+00
-4.393845616664598275e+00
-3.158984959749347787e+00
-2.397349636637237325e+00
-1.858392056686716698e+00
-1.959961379148693394e+00
-2.754985535250537243e+00
-3.367445773499383233e+00
-2.202492382091106204e+00
1.390056508134622781e+00
-2.241046739983824310e+00
-1.594309842271605326e+00
-3.039277271713615836e+00
-5.137828232421688845e+00
-2.948243066211755359e+00
-4.500036338351284471e+00
-2.234208205498525057e+00
-2.258855149772035720e+00
6.812305751890281869e-01
-1.197116341329510503e+00
-1.921735203128342562e+00
-3.583217042118536977e+00
-4.600124438520567516e+00
-3.127664968092238151e+00
-2.267236419538684267e+00
-2.948563424291316792e+00
-4.157781204783422169e+00
-1.733747732478479575e+00
-4.297672356890131162e+00
-1.775343615730917701e+00
-1.687423343602634018e+00
-2.164979014768178001e+00
-2.871604289832569989e+00
-1.640377800236530570e+00
-2.429570647988485099e+00
-2.295003225933808011e+00
-1.071601344922947341e+00
-1.883328560045244737e+00
-2.371466753099604308e+00
-1.576628569709162431e+00
-3.694825635698313349e+00
-9.658258849768613929e-01
-3.107948531946730153e+00
-1.622154774957789813e+00
-4.154573296908011137e+00
-5.244108414558406039e+00
6.473572985022333359e-01
-7.170155061008459674e-01
-2.013246823115826700e+00
-3.471642835436494767e+00
-2.862546570652270361e+00
-3.318177496202003862e-01
6.408048786427291699e-01
-3.853311224334857066e+00
-1.930989412094577862e+00
-2.803400238233566100e+00
-1.509364507396017352e+00
-2.969064521420448521e+00
4.646685331868868896e-02
-3.840441858896561644e+00
-2.230912348399574974e+00
-3.114700544814989591e+00
-1.975128616468400544e+00
-6.953169425984749852e-01
-2.892472041390024007e+00
-4.315948776056827363e+00
-1.868075074734939278e+00
-1.300146055965023750e+00
-9.482531137983912783e-01
-1.832171376416200426e+00
-8.917698612774878075e-01
-1.928246432295211754e+00
-2.137824838724253773e+00
-1.276235306822467663e+00
-1.415861692431090724e+00
-4.028242535760544030e+00
-2.674612802533814282e+00
-2.573010868739114887e+00
-6.887061811344230566e-01
-5.785135175825539822e-01
-2.626891680026077758e+00
-3.573012352123755342e+00
-1.810357333300418370e+00
-2.074197678016768798e+00
-3.013693691514355510e+00
-1.712700506320770755e+00
-2.596806804290994641e+00
-4.485575091304753848e+00
-1.458585839988206345e+00
-1.992606722819282083e+00
-1.211775478755532154e+00
-2.284182312821497529e+00
-2.554189555721098071e+00
-1.952457983718786760e+00
-7.229477287262884300e-01
-2.122801439084081032e+00
-2.294206879554918643e+00
-1.996676143680714555e+00
-2.160936072721153511e+00
-5.217523476654476688e+00
-2.779935293391190054e+00
-1.800140874267334823e+00
-3.582202748651544422e+00
-1.105326112259155114e+00
-2.247536611020455766e+00
-2.709100619987263592e+00
-2.352875435009392113e+00
-2.361407310338548449e+00
-1.821506873225487766e+00
-2.312603007827765289e+00
-4.332244264965941838e+00
-7.646713214960042526e-01
-9.392079689601053882e-01
-2.763806247974678776e+00
-4.762252554196712673e+00
-2.094875478258745538e+00
-1.896662054296869959e+00
-2.231330729944150271e+00
-1.742458797546777793e+00
-1.010070084312035155e+00
-4.081845015957112466e+00
-3.571018320205948893e+00
-4.788695669589606574e+00
-2.811204182784220240e+00
-3.152050067511489750e+00
-9.366737622130844043e-01
-1.855400576413007929e+00
-4.866442087813056538e+00
-1.979046576800405743e+00
-2.169127696041970310e+00
-1.076278702837539791e+00
-2.757043428417754072e+00
-2.630840371519143517e+00
-2.144963056096000020e+00
-1.693515348128993958e+00
-2.009882468973579694e+00
-9.343093807394085015e-01
-3.544675825545848813e+00
3.175648026841312865e-01
-1.545512877822821984e+00
-2.590154305678381341e+00
-2.344549049572846044e+00
-1.091769977252563528e+00
-5.855577390917339198e-01
-4.942984234023632517e+00
-3.058815426171080709e+00
-4.002268837751061348e+00
-2.635498513069658433e+00
-2.460557426576087003e+00
-4.249711289254859636e+00
-2.639409882453198186e+00
-2.061966138872560972e+00
-2.631040781740151324e+00
-4.820594957111413947e+00
-5.198372612539504445e+00
-1.781725607169978964e+00
-2.468946114650258927e+00
-1.707164518108710727e+00
-1.798064313295210548e+00
-2.625642586263090994e+00
-1.345955952147955381e+00
-3.622531057495177453e+00
-2.858867856164354571e+00
-4.735888939765720451e+00
-8.053164249548108167e-01
-1.922997869539466942e+00
-4.237738785425327670e+00
-2.533802232845570934e+00
-2.691688121428519764e+00
-2.381263451715800006e+00
-1.686715701683749735e+00
-2.198232645788386730e+00
-2.998754150375294802e+00
-3.673615348964745841e+00
-2.477268647415165947e+00
-3.916611037303136644e+00
-1.974895837365676865e+00
-2.207863806973756837e+00
-7.950728956390773483e-01
-1.812951341505686154e+00
-3.923649186163982616e+00
-3.445677364246912067e+00
-2.471355586257634407e+00
-1.005147875035036442e+00
-4.669457734632564083e+00
-4.591288632734866759e+00
-4.760984664014467072e+00
-1.425383899482829841e+00
-1.812202286542334839e+00
-3.034324523844098120e+00
-1.759724504641217102e+00
-3.058595328571776406e+00
-4.372232671245471991e+00
-1.642182089176296156e+00
-4.432682769405667855e+00
-3.957827243975672094e+00
-4.636591767052313351e+00
-3.907194835701211399e+00
-4.587441316401302593e+00
-2.510260547051992752e+00
-1.995491070187393357e+00
-3.367695340361680945e+00
-7.242306058885978892e-01
-6.546559988775447758e-01
-2.074923702634251743e+00
-3.671069403375677442e+00
-2.198957071789240825e+00
-1.363687745949753838e+00
-1.739825077993405467e+00
-2.378800914302811709e+00
-2.073713634383195448e+00
-3.611085214092222717e+00
-2.235668956981868849e+00
-3.868038392479185017e+00
-2.518060248629124587e+00
-2.504082117897453053e+00
-2.811022689876781389e+00
-3.610912928254941257e+00
-1.629420500731801447e+00
-5.657605150591483500e+00
-1.298097406051449632e+00
-3.423806749720818665e+00
-1.854363132395445923e+00
-2.234257278365848975e+00
-4.442379447712542229e-01
-4.424797781327193036e+00
-4.885438064466549157e+00
-2.094728564865017684e-01
-9.150995462229289945e-01
-1.774624083871071401e+00
-2.847024123839729803e+00
-2.030185517582033139e+00
-2.779802160430941971e-01
-2.351166290729269637e+00
-3.968784807101870094e+00
-3.125174601154425247e+00
-2.129549204083728942e+00
-2.790906101903738445e+00
-3.805413870752996086e+00
-2.388953796844729638e+00
-2.439389800506883255e+00
-3.438110003837172357e+00
-4.378429342738458629e+00
-3.353045941988761047e+00
-1.302161107641070403e+00
-5.535559062682358977e+00
-3.266068518897075723e+00
-4.677921302163519535e+00
-3.290512161851514961e+00
-2.706036177668059040e+00
-2.532217830113162371e+00
8.763286599963926449e-02
-3.417984970338550532e+00
-4.014412703344818922e+00
-5.454256179184349129e+00
-4.243836085794981727e+00
-2.137292727143474291e+00
-1.842970384983758869e+00
-1.777349452862116097e+00
-2.897960226349320045e+00
-3.277812220643204988e+00
-2.472896361549214550e+00
-2.541542450781967499e+00
-3.857342097914947310e+00
-3.103438906293737087e+00
-2.520801439213362638e+00
-1.498735425242050390e+00
-3.018069283681446002e+00
-3.714979835545929809e+00
-4.352162853702948198e+00
-3.936624737100935079e+00
-3.377205914945624610e-01
-2.302347247249002749e+00
-3.275073662173654032e+00
-2.410873241456635174e+00
-1.782775442124221010e+00
-1.592393567308457936e+00
-3.447417972960511001e+00
-3.646553416638011136e+00
-2.045754446449976616e+00
-2.882262224767807357e+00
-3.988909745236711935e+00
-2.843442933408876439e+00
-2.711931982918063699e+00
-2.690392739242967401e+00
-3.559363606614210251e+00
-2.936894668677485942e+00
-1.375318225745851386e+00
-9.055060506812186993e-01
-2.310120014413267864e+00
-8.704499801519440805e-01
-3.048694063439008506e+00
1.018540269601484693e+00
-3.525590586289325756e+00
-1.486568990369762505e-02
-5.685605821794788461e+00
-5.411411920423997657e+00
-1.454792511665234267e+00
-1.900874881259911664e+00
-3.757512030333857389e+00
-2.416699027946157763e+00
-2.374746699500337677e+00
-5.024578970019382140e+00
-3.694758829553762780e+00
-4.017564515540000158e+00
-3.546084264116580176e+00
-5.475281193735024310e-01
-4.761824280522158226e+00
-1.692835622628072523e+00
-2.191025458264171721e+00
-2.024319499777052833e+00
-1.830833848788145479e+00
-2.944372963666480825e+00
-2.010385017402046337e+00
-2.456939826127954696e+00
-1.622580250491949982e+00
-4.207513056201182877e+00
-3.711957466298364317e+00
-2.426210827738940701e+00
-4.858119870086651915e+00
-2.528741703084155912e+00
-5.311373604655912573e+00
-3.396551421383719127e+00
-3.426227764804963272e+00
-2.086920786199296440e+00
-4.113324185980332892e+00
-1.906131027995930927e+00
-2.906748230052450754e+00
-1.616072114856426101e+00
-2.578796104214000628e+00
-2.165557538088228817e+00
-1.320105956354999943e+00
-3.637369370849624417e+00
-3.465709664814574875e+00
-2.094496066467073980e+00
-4.444682520592357911e+00
-2.753922416955112862e+00
-1.093261522811184605e+00
-2.190399778115239560e+00
-3.314913425772666677e+00
-3.698133449318560473e+00
-3.870737770959860935e+00
-9.274669927376381073e-01
-2.217391548292765968e+00
-1.397666367479520888e+00
6.743014512145205641e-01
-2.130010123611510320e+00
-3.459656810865795684e+00
-1.312918053985340894e+00
-4.940744895283078364e+00
-4.048060348221993010e+00
-3.208790361344025843e+00
-1.701357312389686793e+00
-2.388136693657805232e+00
-4.929315412515901662e-01
-4.236314382691827696e+00
-2.821117822712148282e+00
-3.098938732981673105e+00
-3.631794556753397352e+00
-1.396180851521332977e+00
-1.682112053286859865e+00
-3.075942107165841932e+00
-3.402691711141384800e+00
-2.235572413238567258e+00
-1.992329747472076029e+00
-1.727133237487777695e+00
-4.572060675128631679e+00
-1.391783991713584800e+00
-2.517915387733979493e+00
-1.948653555577462004e+00
-2.287458085394904028e+00
-5.083237158034345171e+00
-3.196185582584721185e+00
-3.511487534409818423e+00
-3.567236920811998058e-01
-2.265320453185843075e+00
-4.140333930954318120e+00
-1.130831625111256455e+00
-4.084343019432050248e+00
-1.580912370796162758e+00
-2.122937338360686876e+00
-2.509116514445423718e+00
-2.432212934716644348e+00
-1.382473552876837708e+00
-2.417383911477193781e+00
-1.419974657336678714e+00
-3.704836314393921803e+00
-3.167294432016012351e+00
-1.302271258630018247e+00
-4.704545225550815779e+00
-4.316762416787799594e+00
-4.071768746157901298e+00
-1.884084427372554993e+00
-2.999565701003469087e+00
-5.707957685597422781e+00
-4.093178841711359262e+00
-1.166162772105609147e+00
-5.367829681567427791e+00
-2.704755753644339400e+00
-8.875792863474748495e-01
-2.392185447742442683e+00
-3.615291352189577090e+00
-1.779134186924545169e+00
-2.573771572144958331e+00
-4.503905311683487511e+00
-3.987075559115121681e+00
-2.058230079966506754e+00
-3.008804570018717151e+00
-3.652953222639979902e+00
-5.258378564831103219e+00
-4.133160327473803797e+00
-3.031144009027266328e+00
-1.314556155138506544e+00
-4.525686555695512259e-01
-2.325556072008209796e+00
-3.356920347130596394e+00
-2.370389277831791652e+00
-5.286950317440308744e+00
-2.182408654173382256e+00
-4.078104568740062774e+00
-3.616742357832200661e+00
-2.152421158328131856e+00
-3.663551623168033622e+00
-4.448199992782615908e+00
-1.645872513952692517e-01
-2.740750020734640025e+00
-4.841387570721886746e+00
-2.648731097279037883e+00
-1.469235842556355642e+00
-2.210992455268375956e+00
-2.656475788608385624e+00
-4.284910126766209082e+00
-2.883033566472071207e+00
-5.059459573002068389e+00
-5.148992737721540536e+00
-2.451804116688857338e+00
-1.713179299181191828e+00
-3.705980735990381802e+00
-3.015242009884083974e+00
-2.243492255631769794e+00
-1.502430337361012169e+00
-2.628662978537903427e+00
-3.662713164614789019e+00
-3.854917322549987535e+00
-3.387521826905067535e+00
-1.385161054580223983e+00
-2.153355892449587472e+00
-1.115963901081334031e+00
-3.295256688494878627e+00
-4.510563090012580822e+00
-2.873717128080290006e+00
-2.070426640326447298e+00
-3.428293968940284930e+00
-1.744592474969982598e+00
-2.057018400740324715e+00
-3.380526675334619147e-01
-3.970318428993997895e+00
-2.569875813513447849e+00
-3.389472967228456479e+00
-1.722195819619476875e+00
-3.095724501424040209e+00
-4.182700297931893907e+00
-2.904019772468282135e+00
-2.862692490224234554e+00
-2.474501316341677803e+00
-1.796490720059203294e+00
-2.623781964345323292e+00
-3.904348296911670957e+00
-4.427965336929618800e+00
-2.632319694695430812e+00
-2.635574682141345271e+00
-2.253778017307003001e+00
-2.820762992632360078e+00
-2.015076510458420067e+00
-1.853610603782281263e+00
-5.336236956126175102e+00
-2.175692795553652470e+00
-2.552350460401948684e+00
-3.856380838531562993e+00
-2.757790774060489003e+00
-1.703538945892076439e+00
-2.531924508517836792e+00
-3.317599471557715951e+00
-2.703988594978779525e-01
-4.225747037097047354e+00
-3.691567683472384509e+00
-2.488958442990128805e+00
-4.628443582990922067e+00
-1.671667956281658984e+00
-3.692204499390411954e+00
-5.367576068129448430e+00
-1.518946041805967040e+00
-1.966492936665082736e+00
-2.325981131798565471e+00
-3.455718041102282534e+00
-4.386529671318676549e+00
-2.641295528469588927e+00
-5.754364932332470595e+00
-5.059580724844675359e+00
-1.893306926657164269e+00
-1.536350271565285031e+00
-4.777485888944694281e+00
-2.492051460698758714e+00
-3.030221157477583915e+00
-2.738237462231393415e+00
-1.971693570187145417e+00
-3.746207883320787246e+00
-4.184408601718678788e+00
-1.018823160810246931e+00
-2.497272907723263824e+00
-3.616392490982562435e+00
-4.106989272860775309e+00
-4.679710677180433542e+00
-3.088097316235852485e+00
-2.511022962025841299e+00
-2.735317920279572323e+00
-3.329766096741762382e+00
1.379695447735335978e-01
-4.382951032544993630e+00
-1.445503544227296544e+00
-1.148894003468898362e+00
-1.515711919849175526e+00
-2.291574681942097236e+00
7.955909759340459853e-02
-1.125347266209896890e+00
-4.024340057271698967e+00
-1.460128131102213622e+00
-2.261197261875615094e+00
-2.648277226852385535e+00
-3.512126727547326244e+00
7.207952362228019494e-01
-2.741466509960887699e+00
-2.081846252264577757e+00
-2.151015266308445195e+00
-3.671964750783809794e+00
-2.826804795181022900e+00
-3.263066155323287809e+00
-1.431437905096402119e+00
-1.783864252742019207e+00
-3.582036617460573780e+00
-2.478998933067141586e+00
-2.020767113502737633e+00
-4.814726086618482448e+00
-2.535565976021882939e+00
-1.460529526126072453e+00
-2.518194755234563154e+00
-4.002385004005108549e+00
-4.059686008795532430e+00
-7.651957181144387610e-01
-1.482824762969051191e+00
-3.601734717039886569e+00
-4.955315508780584466e+00
3.002173805883122659e-01
-3.014447086548331711e+00
-2.171513043384595498e+00
-3.018876033965345762e+00
-3.725433312293257249e+00
-4.209511709566583271e+00
-3.884589890571720883e+00
-3.833519870065627444e+00
-1.493018068951276200e+00
-1.543591594498684660e+00
-1.742473410468915684e+00
-3.155092629014745853e+00
-3.038842405458840989e+00
-4.872348025238232516e+00
-1.483450749026823612e+00
-5.145981658439906070e+00
-2.008342279707700850e+00
-9.333128121174566472e-01
-2.312121370712596047e+00
-3.230726084683620325e+00
-4.804936803010554591e+00
-5.059084797678472079e+00
-2.826899923523868541e+00
-2.354391318239366981e+00
-1.691816313744689548e+00
-8.320222094503044730e-01
-2.828913360946520239e+00
-2.256097056787619515e+00
-2.760296643548103113e+00
-1.608822239237067464e+00
-3.721528803217955428e+00
-2.316624603940080185e+00
-1.276078922630418555e+00
-1.335266939185598689e+00
-2.676687437153454141e+00
-2.474009889194266787e+00
-1.469424437855740173e+00
-4.399126695800648967e+00
-3.439992568466215594e+00
-3.708521651204566449e+00
-2.952563315870579075e+00
-3.735578761341783682e+00
-1.349496534855475716e+00
-1.575053426894272635e+00
-3.528102655312148173e+00
-3.952100177771824985e+00
-3.497842129447829240e+00
-2.660940359368557218e+00
-1.173083636507934679e+00
-3.069955722173334678e+00
-1.893288311299779370e+00
-2.519221437393972529e+00
-1.477490672267536498e+00
-1.602465660665265412e+00
-2.497599784872153172e+00
-2.751346805311141619e+00
-3.810069797128400992e+00
-2.473614519600856987e+00
-3.165026879786481562e+00
-1.450998202589507180e+00
-2.466115857511694820e+00
-2.144240721439868658e+00
-1.872871993552226888e+00
-3.998884970322333920e+00
-2.471890076705046457e+00
-1.525706225928455728e+00
-1.465350874657806779e+00
-2.571712875646519070e+00
-2.699812885459558220e+00
-2.840607131582914668e+00
-4.669535616373267639e-01
-4.468285197324753710e+00
-2.901379873952156352e+00
-4.061838034529493768e+00
-1.333411709413707902e+00
-4.174395132792947827e+00
-1.438174489850551518e+00
-2.372931376149702842e+00
-1.388303860029819425e+00
-4.459986718616715251e+00
-3.836821936233459684e+00
-1.881982719400820958e+00
-3.058998598557489679e+00
-2.742066294383663561e+00
-2.277989324221896261e+00
-4.097450643364808798e+00
-2.047188237672071587e+00
-4.006095464118578420e+00
-3.273024745292886895e+00
-1.267644798979336906e+00
-2.737225152564676023e+00
-8.412487246004390906e-01
-4.317940882732453467e+00
-3.548487940516774408e+00
-2.990763298844605789e+00
-5.151668049056860710e+00
-4.040535802869855253e+00
-2.191275448249952351e+00
-2.729249799701079393e+00
-3.359595640872399702e+00
-3.410023553065503865e+00
-3.307068674831814103e+00
-4.075374600445164086e-01
-3.456673179745081814e+00
-3.308076210055531874e+00
-1.985379408162685655e+00
-2.679281003435615371e+00
-1.062632244373808321e+00
-3.968189802870957017e+00
-2.091315941358245833e+00
-2.739590664989123958e+00
-3.678558231528389566e+00
-1.924301741796423437e+00
-3.362845213733812066e+00
-5.092442490734697458e+00
-1.401551798541802007e+00
-4.684529959829808021e+00
-4.398526709708741600e-01
-3.346531494111463001e+00
-4.963145964977599078e+00
-1.793029749795671535e+00
-2.117935873614427145e+00
-1.630882471661148525e+00
-2.364497910846700801e+00
-1.354016100799461109e+00
-4.381498596393408107e+00
-1.702363041789365816e+00
-2.890928842000221266e+00
-3.179486932757242368e+00
-2.568213909293830532e+00
-2.837694624677682853e+00
-1.528301678830616739e+00
-3.782662775229710395e+00
-2.803896099095529060e+00
-9.006635311281910861e-01
-2.075587103796741051e+00
-2.614836130809564008e+00
-3.146962664113247321e+00
-2.592061454669935205e+00
-4.902559039111427097e+00
-2.466441347652658767e+00
-2.971842630594695667e+00
-2.133443949548521790e+00
-1.120813262597099902e+00
-2.558873929866310348e+00
-2.007858072196202937e+00
-2.535223052916770747e+00
-2.758427545895031585e+00
-2.877030182451200790e+00
-2.127779135994280590e+00
-2.176633456917173692e+00
-2.460394048617662754e+00
-3.128967845111998880e+00
-2.195418996989511484e+00
-2.678916817596182387e+00
-2.838854338465249594e+00
-3.285194458237882031e+00
-3.035690429977759841e+00
-3.000850310377312091e+00
-2.443161313846306193e+00
1.274020135531586384e-01
-1.865493398797121616e+00
-3.904481550293911862e+00
-1.827674569983549713e+00
-5.153091604108525736e+00
-3.256830927335475856e+00
-4.646072435699795555e+00
-1.956310581757163769e+00
-3.707806633213451608e+00
-4.758040702994700943e+00
-2.335963948921373046e+00
-1.101071503524461592e+00
-4.523326699881073054e+00
-4.146860717452546474e+00
-3.322358628680345927e+00
-5.547311737996306391e+00
-3.832543601672116385e+00
-3.593996607634816431e+00
-3.200621784804591030e+00
-1.756978717482676311e+00
-2.226437457409456311e+00
-2.994903049817080554e+00
-2.126991234660268404e+00
-2.209843354527031067e+00
1.450424818211921707e+00
-3.015161295325358370e+00
-4.747745827782864581e+00
-2.344580447436761972e+00
-2.933002079713894261e+00
-3.306264472613228644e+00
-3.917582477543846586e+00
-2.683280708666581305e+00
-1.356933274088291785e+00
-1.061832437358939174e+00
-1.586970070499539975e+00
-3.868827455939986226e+00
-4.719797844896797656e+00
-2.384889071398504701e+00
-4.446206741171085497e+00
-2.334327493155490707e+00
-1.963380808503949027e+00
-2.299203914737216969e+00
-4.124145774378079388e+00
-2.200313313313992047e+00
8.145043634556906609e-01
-1.436485146726110163e+00
-1.695877997561461514e+00
-2.453503003593649812e+00
-3.904743867582335604e+00
-3.075483160258658089e+00
-2.237608986201927941e+00
-2.559856195832214798e+00
-2.450942693652605975e+00
-5.620705458777944807e-01
-2.378885078366809847e+00
-1.562519550868452400e+00
-9.590269092857748312e-01
-2.554951093111612614e+00
-4.086455411863214593e+00
-2.798459131959902368e+00
-2.538670541191057506e+00
-3.143257479390870746e+00
-3.200508720218540937e+00
-4.098533600004351740e+00
-2.946798359275285328e+00
-1.929474145059625556e+00
-2.040858200464330974e+00
-3.030376414476018354e+00
-2.597605209946541205e+00
-3.689527389013550707e+00
-5.310561033222451321e+00
-3.257994899843317693e+00
-2.816118439326610545e+00
-3.937719023146329267e+00
-1.878633031538680997e+00
-1.282503661431890984e+00
-2.580037002091185805e+00
-2.348053030167436717e+00
-1.175262885949408975e+00
-3.042666353446367378e+00
-3.386959692257990540e+00
-2.541758913881684290e+00
-2.551290345533722803e+00
-2.987947861189713894e+00
-1.104394038763940156e+00
-2.390391162030580219e+00
-2.196752733046432482e+00
-5.595665691119678264e+00
-3.412656992728674954e+00
-4.253332496128218843e+00
-2.153127551853134758e+00
-1.904646607883744514e+00
-3.485941549254945482e+00
3.971247506079568224e-01
-5.389047387009532564e+00
-1.424913889952431401e+00
-4.952623492529899529e+00
-5.695621472788963580e+00
-1.709693535280490062e+00
-1.987844180989474463e+00
-2.560673078419158699e+00
-2.796608180821824607e+00
-2.365764430036219057e+00
-2.099764856184604067e+00
-2.981703020149740535e+00
-2.180228031933080235e+00
-1.896925882106085037e+00
-5.285266850085853285e+00
-5.006548478310341999e+00
-5.685211439313537340e+00
-2.456357277807216022e+00
-1.836363848426725065e+00
5.848068640911588401e-02
-4.929474001804190486e+00
-3.813738556871899998e+00
-2.473630270560239541e+00
-1.004083457307697547e+00
-2.248403338784915384e+00
-1.685424543985347967e-01
-1.754305714970876284e+00
-2.282639033218694991e+00
-1.657289038316096086e+00
-4.893905570664035309e+00
-2.353506191963766536e+00
-1.651940314438138824e+00
-4.298563852496650739e+00
-3.435261855628112926e+00
1.766749073214317345e-01
-1.704872670938279544e+00
-2.284235561141055193e+00
-1.697426021297408161e+00
-1.875819041840709911e+00
-2.065760425834111125e+00
-1.076042959667903309e+00
-4.186400285426532086e+00
-2.645482375061379177e+00
-3.946691696137503591e+00
-4.458701083668229259e+00
-1.939231024798952152e+00
-1.514127341768748414e+00
-2.443580715211557841e+00
-3.777423685033213019e+00
-5.304006991238612301e+00
-2.611699450049058235e+00
-3.780931280760225555e+00
-3.803221119250652649e+00
-1.758467014512600235e+00
-1.559938463491124194e+00
-2.397004212503184739e+00
-1.942629699725217929e+00
3.222746755850289246e-02
-6.699842766445623238e-03
-3.888847485568601048e+00
-1.998831968481935784e+00
-5.461358107027871611e+00
-1.693375419088053668e+00
-4.067275060666739606e+00
-2.663563180109089767e+00
-5.260465651821651711e+00
-3.312670886372125700e+00
-2.839667206349571593e+00
-2.023741031393570200e+00
-3.886332638435316955e+00
-1.214038329987559894e+00
-4.489445813399154162e+00
-9.095077752697667828e-01
-3.479999288932102974e+00
-1.923112808550288655e+00
-1.542444710712101763e+00
-1.307461370548374413e+00
-5.646373483903280643e+00
-5.067194584662981782e-01
-3.632786404753846288e+00
-3.988615758940940115e+00
-1.228181828259272912e+00
-3.721692134036461486e+00
-3.397257699112123497e+00
-5.781229441434023286e+00
-2.369752683965046014e+00
-3.936005588323820081e+00
-2.553599491359173967e+00
-4.258127184022572287e+00
-2.565068623529709324e+00
-4.336649559865877634e+00
-3.607371683564701392e+00
-5.170832796537790266e+00
-2.439336581777359569e+00
-3.356401315917355355e+00
-4.949923251701282112e+00
-2.761417858888840726e+00
-2.129656727558240092e+00
-4.355496228497079514e+00
-9.862497967042666014e-01
-2.254992019626521849e+00
-7.903621048035340824e-01
-2.719548623515285257e+00
-2.978576111954824412e+00
-2.586469908906144255e+00
-2.198028783994611324e+00
-3.566849466193415807e+00
-2.103718576771633764e+00
-4.119415176301203907e+00
-2.187350082967456366e+00
-3.234992648620094169e-01
-1.995057927718709267e+00
-2.604043469195907345e+00
-4.121649880523122533e+00
-4.205054427793889715e+00
-3.456304383580835804e+00
-3.242224567443558136e+00
-1.598814905150218957e+00
-2.601577838453331015e+00
-2.117850334275976021e+00
-3.356929119396375949e+00
-2.903901873050235949e+00
-3.797727845269120106e+00
-1.673437131262868638e+00
-2.588273544940079773e+00
-2.448505886816248811e+00
-2.991229126575838393e+00
-4.233353195815237946e+00
-1.557525018979188269e+00
-4.949747089011861334e+00
-4.599525768424455485e+00
-1.611788224068292141e+00
-2.388069957777798624e+00
-1.916849124492321810e+00
-6.699728780470002309e-01
-2.710887888661353440e+00
-3.297607792686160444e+00
-2.266762674349473983e+00
-1.754008217180808904e+00
-4.511053200532963992e+00
-2.126011216451789920e+00
-1.869142843555748223e+00
-2.050714355242974740e+00
-1.791187169298891657e+00
-4.570639479375584457e+00
-1.940864249541431885e+00
-2.019907594141755691e+00
-2.034029394304709637e+00
-6.766112401498873830e-01
-2.912513138559710058e+00
-4.777807519433650008e+00
-1.907601965087220242e+00
-3.317792416715078296e+00
-2.085917671612044888e+00
-3.839273371046982852e+00
-4.582066566003163643e+00
-1.638633713182438889e+00
-2.450224689084035568e+00
-4.391067672484288309e+00
-8.612868576581882429e-01
-3.558017999769635953e-01
-1.454139722641265342e+00
-8.026879867601569574e-01
-1.762552223568801812e+00
-1.922135981704934826e+00
2.714329633264203068e-01
-4.617274075202241868e+00
-1.742395920073327442e+00
-3.678151515856886711e+00
-2.643283716899448521e+00
-3.857858366304632636e+00
-2.924613971336865514e+00
-1.743075024387874317e+00
-3.684872167045934344e+00
-5.697697580180908439e+00
-3.901227366698502674e+00
4.411031335543038612e-01
-4.186084665522859183e+00
-3.899650703647031591e+00
-2.463233401706472314e+00
-4.583954122565880418e+00
-3.611477880361323667e+00
-2.745506477376751242e+00
-2.387257801004426749e+00
-1.484001497514954249e+00
-2.621853499853950442e+00
-5.559460042284924519e+00
-2.928932819065756199e+00
-3.130675622795860313e+00
-2.193596017161555611e+00
-2.548149236956198660e+00
-2.507041318270973207e+00
-2.415702604427088396e+00
-4.163131133792701277e+00
-4.374047399232188660e+00
-5.204178550714781082e+00
-4.193874307893748821e+00
-3.288349235412890703e+00
-3.341867714682892121e+00
-2.825818719125102074e+00
-1.039225114537776440e+00
-3.721610445942547418e+00
1.946732888712346288e+00
-2.039873964243439808e+00
-3.323977035190584850e+00
-5.344030829539868854e+00
-3.953788369353123056e+00
-3.286257668964529088e+00
-2.589712595329165090e+00
-1.622380345620154651e+00
-4.117929131085743322e+00
-3.909578831429485923e+00
-3.683671547013402936e+00
-5.806872301454887086e+00
-1.425876606172812311e+00
-2.385017957331322158e+00
-1.120722731108824144e+00
-4.127543864949379859e+00
-4.231360443677173677e+00
-2.252211485854701767e+00
-4.768952061915323615e-01
-1.742470453288523569e+00
-3.167736910800771355e+00
-3.177184815532059226e+00
-1.647534699483248710e+00
-2.639922157193655305e+00
-9.348955348706105006e-01
-2.717438089348524155e+00
-2.916909611649897371e+00
-3.329187149571811055e+00
-2.785250181316757390e-01
-2.688920776444843064e+00
-5.172622095569109568e+00
-2.898461275819655736e+00
-4.134488580749833275e+00
-3.886015168366244055e+00
-2.253054143924460906e+00
-3.632817981976365740e+00
-3.313198355498352843e+00
-2.587428903718492101e+00
-2.669280426893219094e+00
-3.567081879407894451e+00
-4.187567650578514211e+00
-2.474964633353828880e+00
-2.304709403900484066e+00
-1.002088463313287159e+00
-1.654188864612765153e+00
-2.051662892946936712e+00
-2.161312074722855137e+00
-3.097586038371125561e+00
-4.198048871032086460e+00
-5.209360695194205526e+00
-2.208823493470678745e+00
-3.852916720944982831e+00
-2.853567619984080483e+00
-1.292237657005771645e+00
-2.290465281231255368e+00
-2.138469903474344402e+00
-1.782230311278287349e+00
-2.008767028930188214e+00
-1.449297755126462750e+00
-5.592917853124324878e+00
-2.994341276732959578e+00
-3.486190975663974179e+00
-1.879170387201708925e+00
-2.245828596054026072e+00
-3.299278436461042574e+00
-3.997297938026417974e+00
-2.414530537741444327e+00
-2.624695623771157837e+00
-1.623445670389286111e+00
-2.144142713673989231e+00
-7.746469374059994362e-01
-2.104386051317309825e+00
-4.985311490203814699e+00
-3.399740838766404316e+00
-4.965700728921062179e+00
-2.619055752668759229e+00
-2.482598462391894412e+00
-1.865386770954111206e+00
-3.969287270774914056e+00
-3.508624311861857858e+00
-2.396327551324965555e+00
-2.252970215923894681e+00
-1.939387811724172739e+00
-2.348454009094712358e+00
-3.639878407895601242e+00
-1.693916520619810351e+00
-2.666933252104429108e+00
-4.962356087223160905e+00
-1.102836651691560421e+00
-2.011878377231551163e+00
-4.649146078525282499e-01
-2.122130159497158663e-01
-1.602957620631621172e+00
-2.384261136970048156e+00
-3.806226114332111887e+00
-2.691155541305547683e+00
-3.160287968478601162e+00
-2.712392818091915458e+00
-3.028125982792480464e+00
-3.055958517018514620e+00
-1.822091178619808405e+00
-2.252218985029727616e+00
-2.457081166086544588e+00
-4.276030264829781657e+00
-1.364080547979623637e+00
-3.242229078768031680e+00
-2.741167246884809838e+00
-4.847482353265879951e+00
-2.086693654613862137e+00
-2.877841099801665692e+00
-5.458156270300650093e+00
-3.235430042760454761e+00
-7.203050039965024354e-01
-2.222340048812987856e+00
-3.647757976321575502e+00
-2.909212327595211534e+00
-2.093651289084824452e+00
-5.705059047654606807e+00
-3.568547894973323142e+00
-2.766536761954295098e+00
-4.723668953638098245e+00
-2.746692601860333927e+00
-2.903186721504625645e+00
-4.605325989632648165e-01
-2.338086502681891166e-01
-2.311506154058139195e+00
1.753208352787254176e+00
-4.406055398716821614e+00
-2.253918413075939320e+00
-1.763218062794300600e+00
-2.319575396833180037e+00
-2.036387827878053169e+00
-5.080998669060251771e+00
-2.476809818673582964e+00
-2.231138721293354887e+00
-3.107580971984193585e+00
-2.232747597558587316e+00
-3.266124577916070582e+00
-2.055240278595868109e+00
-4.892283840609160883e+00
-4.921195099474958035e+00
-9.795990077113085892e-01
-3.272695451753825591e+00
-3.226293341076319265e+00
-5.268795632597321976e+00
1.242868117925053806e+00
-4.332453229424572783e+00
-2.547268697138714622e+00
-2.000234048970059852e+00
-3.520983369619024916e+00
-2.906990917218874149e+00
-4.011277646411224307e-01
-2.283538982407196993e+00
-2.040819704062901696e+00
-1.688480701737387513e+00
-1.595228691406961996e+00
-1.365325417079548354e+00
-3.403677821291865246e+00
-2.212403887525816959e+00
-5.902967448899546499e-01
-4.856551772733097572e+00
-3.828845078484770514e+00
-1.840126279527710462e+00
-1.755113024984355841e+00
-1.937302710662173411e+00
-2.647383910612655100e+00
-2.464566354143220561e+00
-1.287973942363768831e+00
-1.113612462506759382e+00
-4.317349586812232687e+00
-1.985884688348385163e+00
-3.086236741230840686e+00
-1.878562504234212005e+00
-1.944004680728049994e+00
-3.542789313533900142e+00
-1.576695639354661616e+00
-4.220390098653916233e+00
-2.861213132522721914e+00
-3.388457043066315677e+00
-1.213773138153867226e+00
3.353610675606428365e-02
-1.174148650475404843e+00
-2.847464907048606886e+00
-2.476331819347780350e+00
-1.248001884268039152e+00
-1.637581605007696339e+00
-3.229500169849279345e+00
-3.036307530544749334e+00
7.187623253740570428e-01
-2.891445552276494801e+00
-2.392563475337005752e+00
-4.217919442969751409e-01
-1.463538110044719565e+00
-4.323353697036952603e+00
-1.679324351986263508e+00
-2.465305522863924459e+00
-3.282528537513688338e+00
-1.067106831375938869e+00
-4.407423112028033607e+00
-8.890689605773387516e-01
-2.198999997896231129e+00
-2.267854872175614656e+00
-7.299704931597753577e-01
-2.073417040120239196e+00
-5.109420951529519250e+00
-2.285325923722997921e+00
-4.918868489749984363e+00
-2.001339144803935710e+00
-3.608784806079781582e+00
-2.164698227891584725e+00
-3.383348665368345110e+00
-1.899949788972823628e+00
-2.248801621788426797e+00
-1.848426260169992785e+00
-2.138658426283447600e+00
-2.319306250701251848e+00
-1.926987853620333091e+00
-4.840728440552621414e+00
-4.573978419701217213e+00
-4.974101067002267840e+00
-2.526497500935130702e+00
-7.092693235871218027e-01
-1.392725677476445378e+00
-4.438269748415044624e+00
-2.845884639615587908e+00
-3.295507759138200932e+00
-1.747091761228782181e+00
2.296318632883697641e-01
-1.541875949337485174e+00
-1.946023875220017185e+00
-2.435308788478534048e+00
-5.196043396314276031e-01
-3.299128272107224813e+00
-2.336392401726016921e+00
-2.312136118228413029e+00
-4.346848444054820959e+00
-2.734359473686659658e+00
-3.608321707806366518e+00
-2.710716791724198327e+00
-2.422782452943308407e+00
-2.313346797744299188e+00
-4.685003196161435568e+00
-2.841613061625689607e+00
-4.775001104215506054e+00
-5.060521529123945150e+00
-5.344940708231201043e+00
-1.075202239043274055e+00
-1.973031511867423315e+00
-2.813686549035063766e+00
-3.424798272810258837e+00
-1.997747783919273434e+00
-2.006255385857051987e+00
-1.018270989751570932e+00
-1.795983252639323124e+00
-5.126197724016677837e-01
-4.831285542439211156e+00
-3.341260892382543091e+00
-2.133984558192687953e+00
-1.217620104805000825e+00
-2.686518625652660308e+00
-3.056875690781196475e+00
-2.731438086860619840e+00
-1.467945691512089867e+00
-1.545054638542340708e+00
-2.069279068836232582e+00
-3.128358438436758870e+00
-2.179142237988303865e+00
-3.892623929056030718e+00
-2.064907218750536622e+00
-1.837790239283970006e+00
-1.692997487840969484e+00
-2.338016580062646010e+00
-3.069312044626949287e+00
-2.967334961646272085e+00
-2.539111566727421554e+00
-2.633255135015301285e+00
-2.133382378174514926e+00
-2.246968970493392170e+00
-3.746023929616029147e+00
-3.302469879666340979e+00
-3.352488005792412462e+00
-4.425925764176960264e+00
-3.782463839148798357e+00
-1.979893380707990369e+00
-2.060192684354734460e+00
-2.142272366764056191e+00
-1.690490320451217832e+00
-2.495032847371875029e+00
-4.092140300134334829e+00
-1.619432518491364048e+00
-2.881753851628292118e+00
-2.957009779009630357e+00
-4.473079171540734755e+00
-3.901305985332355064e+00
-2.829197654218778002e+00
-1.415311122268111621e+00
-2.071885172872256042e+00
-3.841222818489932411e+00
-2.439722507675514240e+00
-2.678624294015842899e+00
-2.114505395038061231e+00
-4.843853391703377476e+00
-2.056819921681698915e+00
-3.235400670208543605e+00
-1.846125814564047563e+00
-2.684728840662473637e+00
-1.675013635968369607e+00
-2.400679748004569625e+00
-2.829882720586171629e+00
-2.028809733532075388e+00
-1.717667746006675683e-02
1.729789313099754366e+00
-3.665380849243248917e+00
-1.739018870470612210e+00
1.919613681102942504e+00
-2.248201522518599393e+00
-2.741905141678735447e+00
-2.074399831697280927e+00
-2.939633609056806485e+00
-3.436919978364547656e+00
-1.690562740273201969e+00
-9.740104380056109346e-01
-2.044041774800720468e+00
-2.979306720315079815e+00
-1.973509721292621144e+00
-1.330918110156900758e+00
-1.871995311584066402e+00
-2.544961162891365536e+00
-5.040599374716460801e+00
-4.198075294320599227e+00
-5.386424602052506394e+00
-1.688579926253791275e+00
-2.072656824368389827e+00
-4.002252910960423904e+00
-3.430852057129269994e+00
-1.911038942873939162e+00
-2.290795616745673335e+00
-3.656195142252592678e+00
-2.447816614313805594e+00
-2.596988165149886285e+00
-3.364147256887471404e-01
-1.668396004696588220e+00
-4.541485504595068612e+00
-4.942124757496364928e+00
-3.224947012241917488e+00
-4.823383206555357461e+00
-2.890477097280789831e+00
-2.713985478939181295e+00
-3.903645744023819919e+00
-2.990896550472804449e+00
-1.544109898691253813e+00
-4.172785552187011859e+00
-2.999185473319466055e+00
-3.435007579127765887e+00
-1.740342192473808058e+00
-4.927012753337438156e+00
-4.039383985268953481e+00
-3.025119023737201651e+00
-2.049516446084765242e+00
-5.479750153689481706e+00
-4.568462811977138216e+00
-2.918881065939425312e+00
-4.776665993117044096e+00
-2.687419136305418288e+00
-5.462785508706417659e+00
-4.768285158517450384e+00
-4.888400629603521175e+00
-3.021612768583193720e+00
-2.997833900017753628e+00
-1.332748355734376000e+00
-3.034669595658224139e+00
-3.778099920892486363e+00
-2.054558197874707837e+00
-4.899537225872093060e+00
-1.013610494957285724e+00
-1.700557551183113247e+00
-3.966800261457083532e-01
-4.133761914929754866e+00
-2.699055554830927850e+00
-2.047196139772623269e+00
-2.600265387743545098e+00
-1.816955597571596970e+00
-2.157233746423180776e+00
1.288835073099186213e+00
-4.081298916897686979e+00
-1.893596309509980591e+00
-2.615224284700705670e+00
-2.271027534972579254e+00
-3.811957901518168157e+00
-3.502787590084776692e+00
-2.709435101890809605e+00
-1.072557617665967022e+00
-5.072728955556031316e+00
-5.042229063934296818e+00
-2.546999618270276322e+00
-8.638109152888466813e-01
-7.371600325609478643e-01
-1.262512676964093750e+00
-4.887975485572733092e+00
-2.963994471155487531e+00
-2.153203967646142747e+00
-4.171697992652497966e+00
-3.249369814668251699e+00
-1.057864257696642607e+00
-2.614911001082517394e+00
1.351193300609967007e+00
-3.037640556924434243e+00
-5.166787919744185054e+00
-3.674067945900081344e+00
-4.590298573206796462e+00
-3.090951545443856752e+00
-2.773346436856545250e+00
-3.606479802229110909e+00
-2.918949326516966369e+00
-2.865535524760655317e+00
-5.783645150961417514e+00
-3.853496060436756743e+00
-3.216210558919500251e+00
-3.125501175168329038e+00
-2.551111965563569228e+00
-3.033286144931341077e+00
-2.935314391143577062e+00
-1.732477221954757063e+00
-2.881798075005331139e+00
-3.415500478411352070e+00
-3.332788532980278440e+00
-3.379565049636819030e+00
-2.442445669719557344e+00
-3.988430519215128367e+00
-2.087927634000373622e+00
-3.183550583462123829e+00
-3.939253032882843897e+00
-2.849885473479485842e+00
-2.161946937898364229e+00
-5.259970799078991455e+00
-2.802449412057108180e+00
-2.247254932339993072e+00
1.192274691823463429e-03
-2.382737571406067012e+00
-2.297508882342969905e+00
-1.451118131947118250e+00
-2.497556451620491558e+00
-3.778701358105420294e+00
-2.217612916681924506e+00
-3.252631761585242032e+00
-9.872971616390683325e-01
-1.843205641677609696e+00
-3.592422719050666124e+00
-1.725525207198593147e+00
-1.975689102123098673e+00
-8.967458015374910607e-01
-4.014462314146988398e+00
-1.233821792971582454e+00
-2.290111668977455661e+00
-1.413967136810736491e+00
-4.365578554908078779e+00
-4.883974427785961581e+00
-2.731137991148478328e+00
-2.026931191604829596e+00
-3.544254470940941815e+00
-1.890787770478280949e+00
-3.563043947193347716e+00
-2.841430737600487255e+00
-3.596445695535836595e+00
-2.962730952332292667e+00
-1.348289863477673212e+00
-2.423513424282224271e+00
-2.016227306775216555e+00
-9.118607777048026719e-01
-1.722633874047191649e-01
-1.966704373435214981e+00
-2.172161357798986003e+00
-9.498343821692216693e-01
-2.048245375855070716e+00
-5.699553118032572918e+00
-2.793577089083978837e+00
-1.977596664538837423e+00
-5.069653583675172825e+00
-1.941544460932469462e+00
-4.798791307677003459e+00
-1.371562444312028894e+00
-1.627796832341822375e+00
-4.084607407371364296e+00
-1.931705275790795096e+00
-3.034511727067011888e-01
-2.564340742176755228e+00
8.290355616538416239e-01
-2.395628924719896524e+00
-1.876362266823109914e+00
-2.981230631600846781e+00
-2.322474576664773416e+00
-3.480668115524367501e+00
-2.445028073473113572e+00
-1.826353065383229168e+00
-4.574675548568607475e+00
-2.919589210028267878e+00
-5.598198506504885152e+00
-1.843007195036038715e+00
-3.087743805317785473e+00
-1.793409849996468353e+00
-3.375016803768276397e+00
-3.124459735079186729e+00
-2.401382559726054744e+00
-2.481332451059851785e+00
-5.146927016921397424e+00
-2.709925325014844510e+00
-3.902650829556182366e+00
-4.413599207023255921e+00
-2.328246912173001171e+00
-7.098267560619210270e-01
1.144941583796296625e+00
-3.447322580268197267e+00
-1.386310184609035767e+00
-1.955160562694832072e+00
-4.050616639020640619e+00
-2.615572008668201942e+00
-4.388672182057183235e+00
-1.957859574135084157e+00
-1.637761932350100258e+00
-2.453752762494704864e+00
-3.709868836706400330e+00
-3.643829952826527219e+00
-1.877414783190497705e+00
-1.984537037125591041e+00
-5.276100108676620160e+00
-1.954022087676097197e+00
-2.248362526374886095e+00
-5.245135128464075258e+00
-1.958400123212192145e+00
-2.912413643808610342e+00
-3.131948854173717489e+00
-2.139629602619472770e+00
-7.873862239352471537e-01
2.126814442316126985e-01
-1.409110422802763107e+00
-2.739694405373088060e+00
-2.175208245229970139e+00
-3.521259929155895030e+00
-2.213488852001993745e+00
-2.588425490572590082e+00
-3.408589680652373222e+00
-2.679747108408480738e+00
2.505845699127851045e+00
-2.523977487144811516e+00
-2.461766373512007888e+00
-1.994640761190609179e+00
-3.611893918635829870e+00
-2.538612346550339183e+00
-3.646545892616124274e+00
-2.215332961822959579e+00
-1.705517493885263303e+00
-2.906106203807972133e+00
-2.867524347269205354e+00
-3.982678438014945588e+00
-3.572719284998538414e-01
-2.806775173147506131e+00
-2.675984814699819747e+00
-2.024221543493312847e+00
-9.100952342195827161e-01
-1.532075050404995809e+00
-5.038487110363975674e+00
-9.554954657057155298e-01
-2.893133751613150118e+00
-2.267716657873252828e+00
-2.175782929256640408e+00
-4.217394931583166695e+00
-2.575260995100265404e+00
-3.895294724699065458e+00
-4.153983103693390966e+00
-5.352254020965952819e+00
-3.155921837931878748e+00
-2.385639055109478601e+00
-1.746526350430308350e+00
-3.038727395678738841e+00
-3.112194995807049391e+00
-1.944048606752250663e+00
-2.682110709882276733e+00
-2.035128238011438828e+00
-3.265557144844053017e+00
-2.451716069931662856e-01
-3.290756203965704785e+00
-2.861819917908478672e+00
-1.774173789625505426e+00
-3.618483635719011549e+00
-2.193304931507767730e+00
-4.318303337236701900e+00
-3.234407265643533869e+00
6.511885975260902626e-01
-9.292316562167239891e-01
-2.832397175748862406e+00
-4.318011488301800149e+00
-3.621083968356571425e+00
-3.644159487831077460e+00
-1.908088789699066590e+00
-1.863854495924323951e+00
-5.391282282738772302e+00
-1.640273770532214570e+00
-3.465315205647910624e+00
-1.656285307360105152e+00
-1.843321492539252038e+00
-1.971164587798915457e+00
-2.409167457169088422e+00
-2.834731058381158686e+00
-2.998446425627312451e+00
-2.712258331564335823e+00
-2.814522584324236743e+00
-1.897239315682277105e+00
-3.202932757320965607e+00
-1.406350567874270485e-02
-1.565542428392783680e+00
-5.256639109096582496e-01
-2.355399008632923064e+00
1.545818364829957547e-01
-1.064012449693055196e+00
-2.504998651075511340e+00
-2.454455470515457094e+00
-3.987129747432462512e+00
-1.861490223004727884e+00
-1.359532840640682139e+00
-2.507737911345394810e+00
-5.076282008384519706e+00
-3.437718239542095766e+00
-4.288324491700115537e+00
-4.280848996869524470e+00
-2.589582293257910450e+00
-2.338542529601751685e+00
-3.336857868145772787e+00
-1.565158204339463843e+00
-2.227194367081692494e+00
-5.182434702988018671e+00
-2.489964909232340595e+00
-4.034042684227503450e+00
-1.101968905906413498e+00
-2.732060187408725582e+00
-1.700721116961505297e+00
-3.359977095596893726e+00
-7.955966249262480527e-01
-3.225206681015767796e+00
-2.852073153235324288e+00
-3.586531244313911237e+00
-4.738302732573545839e+00
-1.921904930555565549e+00
-2.942087618427631224e+00
-2.811277919320611218e+00
-2.429333393723832835e+00
-4.052074217158803116e+00
-1.555325070234243601e+00
-4.733406314268802539e+00
-3.024539467689743688e+00
-1.978261499661584377e+00
-4.527986670467782027e+00
-2.129393376613349709e+00
-4.823125302624668542e+00
-3.254588846603893693e+00
-3.771567089329034950e+00
-1.763925563075123826e+00
-3.811512151583900998e+00
-3.360608318652555493e+00
-2.055300083940808431e+00
-4.432850062380737199e+00
-4.016552568457285588e+00
-3.055787903861296950e+00
-2.352117474219243221e+00
-5.017317467183945112e+00
5.388431311484578323e-01
-1.545478407659766296e+00
-6.265023439552457329e-01
-2.011617537503877617e+00
-3.646456220733390374e+00
-2.953227857820689639e+00
-3.025809512659038525e+00
-1.781792170595400682e-01
-1.999142252541606046e+00
-1.488862422857125445e+00
-5.325559894004270767e+00
-2.793218071357867593e+00
-2.054679677521119352e+00
-2.530765538959803607e+00
-4.485278133799958766e+00
-3.323624264089239944e+00
-4.512887281174621457e+00
-3.095503565607951924e+00
-3.684835277685969857e+00
-2.330904555923432042e+00
-3.493919446620224356e+00
-3.795861126651381756e+00
-1.294431721975667582e+00
-1.871337979074835012e+00
-2.226361147730144374e+00
-2.470958272923196475e+00
-1.839711172867401157e+00
-5.436786009694933419e+00
-1.615493699220566848e+00
-1.964397397377639853e+00
-2.339476122318679963e+00
8.233773597732688132e-02
-2.678158602230577223e+00
-2.897224267984965351e+00
-2.198266291001663042e+00
-2.132017100791582020e+00
-3.577701098253975864e+00
-3.952611168187702972e+00
-4.062329363981318053e+00
-1.336478695920233273e+00
-2.875656617993638253e+00
-2.352888948935338398e+00
-1.832230026075493790e+00
-5.991599727159392152e+00
-5.278062590707198964e+00
-1.893533092043990784e+00
-3.619021308114124924e+00
-4.113000130651649933e+00
-2.440546598678578150e+00
-3.417733404888212867e+00
-2.326360446171637175e+00
-1.888824966548868112e+00
-4.015780286842213442e+00
-1.743104755243192416e+00
-2.274270659307609854e+00
-5.174745367343249747e+00
-2.585579692794014228e+00
-4.626671069099665523e+00
-4.251266355828317245e+00
-2.480319099830794016e+00
-2.917425689714792991e+00
-4.116027560612281810e+00
-3.335497428827571831e+00
-2.676848495425836028e+00
1.881573498050522320e+00
-1.756986094154244560e+00
-1.306110132655009970e+00
-3.428380936611344243e+00
-3.633528976944486732e+00
-4.453711653199174947e+00
-2.761662837643003243e+00
-2.339762930490265624e+00
-4.755617897424442853e-01
-2.438030786528789129e+00
-1.164545390446327211e+00
-1.903301313220542745e+00
-2.494834641331442171e+00
-1.437216837841975181e+00
-1.708488482769034533e+00
-2.694658351322255729e+00
-1.588106573802900989e+00
-2.623230745737906933e+00
-2.536211290014950048e+00
-2.506481059424646052e+00
-1.273530770305798310e+00
-2.060511390058545445e+00
-4.882703860841782983e+00
-4.087476717618054423e+00
-4.900882975562951493e+00
1.186340204006636423e+00
-1.703633530047808931e+00
-2.693172388196427569e+00
-6.391017378678124361e-01
-4.024952202290849712e+00
-1.560968475435309921e+00
-3.716455711754190983e+00
-2.857015802531798876e+00
-4.168992923026143771e+00
-1.349097349928951806e+00
-2.577378833635194599e+00
-5.445395255009913171e+00
-3.622818746301381232e+00
-2.383566471178013124e+00
-2.741828589938450911e+00
-2.714325157818334500e+00
-2.968190501803830372e+00
-3.065575395372714063e+00
-2.189338368251882105e+00
-3.519499998698997434e+00
-1.441392267110967129e+00
-3.377580414284191868e+00
-1.949895824883355777e+00
-2.703314391667988481e+00
-1.475349565686268960e+00
-2.312684171391056864e+00
-9.897882348029709565e-01
-3.898917051583097315e+00
-4.148614793084093755e+00
-4.112829665236683141e+00
-4.841689896572789920e+00
-1.472297547603639511e+00
-1.417086593509787829e+00
-2.249253738379044076e+00
-1.416368800732664246e+00
-4.579366921042653971e+00
-2.171418548018500871e+00
-2.642825058560362095e+00
-2.533341432098594304e+00
-4.106169263616805232e+00
-4.617453000929850226e+00
-3.240355361092940534e+00
-2.005703090975386349e+00
-1.414865415334881193e+00
-2.294292270601426598e+00
-2.645485944312168325e+00
-2.726050991067878737e+00
-2.498973492610479408e+00
-1.947340713533050938e+00
-1.997584240817251722e+00
-4.101982896235695897e+00
-2.888583767970657412e+00
-2.235861851793417898e+00
-1.234577284207623249e+00
-2.204973517326895838e+00
-7.384825777604073216e-02
-4.238155411692206442e+00
-1.551770699270282883e+00
-3.760986165964119277e+00
-7.583300009538940234e-01
-3.047866840998888271e+00
-1.456139334225749593e+00
-1.866445115027932866e+00
-1.346941934286564502e+00
-2.797916462379701041e+00
-2.628232199733667063e+00
-1.254300784624187148e+00
-2.844566236581358432e+00
-4.243856807717503621e+00
-2.118227466497538458e+00
-3.232905657761044882e+00
-1.944076125855081383e+00
-5.524936012933170382e-01
-8.464602393339196729e-01
-4.797262942588057300e+00
-2.105462561867903482e+00
-2.204858967603121833e+00
-4.218311684366836900e+00
-2.237714352360920866e+00
-2.161236332064359722e+00
-4.174896791065909163e+00
-1.908064314816578566e+00
-1.732750067042531761e+00
-1.787559221889410077e+00
-3.392936123450821295e+00
-1.898104746921141839e+00
-1.823811601242724123e+00
-5.373940348116292398e+00
-3.877923128810044417e+00
-3.215659273658049599e+00
-5.012191326500675004e+00
-2.215589859520290972e+00
-1.410545368270017752e+00
-3.081628552702101231e+00
-2.656538045079587906e+00
-5.281574527871114588e-01
-2.137035555233045336e+00
-2.545555778757454313e+00
-2.336776181118635165e+00
-3.226522881268630627e+00
-2.505947670065826305e+00
-4.113580307772061850e+00
-2.486654785949086843e+00
-4.965834621292066764e+00
-2.630770687431206234e+00
-3.690154371309960712e+00
-2.881295942662692067e+00
-2.909810184603443428e+00
-4.942796874590303924e-01
-4.042415501144960288e+00
-2.065231212698621643e+00
-4.777339762236819887e+00
-3.294604805137418602e+00
-2.910898682172084140e+00
-2.493534027436119960e+00
-3.330992549407917114e+00
-2.281809761342607601e+00
-2.672919601371130049e+00
-2.273409063741498759e+00
-1.078995774101813687e+00
-1.649499658114522038e+00
-2.011850664339453587e+00
-3.599656002463526239e+00
-3.500290531258476889e+00
-3.064353711020563420e+00
-2.567042221126003998e+00
-3.696278526341658210e+00
-1.948390777436191712e+00
-5.451025917680533794e+00
-4.721475873300748027e+00
-3.844529387819165756e+00
-8.377393143392214414e-01
-3.002714075560385387e-01
-2.423229410103233228e+00
-1.566429124968403919e+00
-1.483509043108353742e+00
-3.511987434854600298e+00
-5.594040482762281385e-01
-4.486594973192760349e+00
-1.663039304593137313e+00
-4.949776195696324876e+00
-2.945398798960917830e+00
-1.970601155891864797e+00
-3.029224051577439347e+00
-3.362520522829884673e+00
-4.530715757233492624e+00
-1.259336945085651083e+00
-2.219504253228447688e+00
-2.368187462762523232e+00
-2.255441225632504043e+00
-4.892186649315995339e+00
-3.283532583075261524e+00
-3.705606206229708377e+00
-7.454078610924624870e-01
5.916119661754050130e-01
-2.614386778295631153e+00
-2.573528408519929478e+00
-2.773980879557250923e+00
-2.826635144734175320e+00
-2.162030071467365033e+00
-2.897474463120208732e+00
-2.044328936452429524e+00
-3.188646321321028321e+00
-5.462757008907595413e+00
-7.939838244379735510e-01
-3.167652945303838230e+00
-4.859067782689712622e+00
-2.033489395985678794e+00
-4.105736064769968330e+00
-1.229194370788597945e+00
-1.287232814017434945e+00
-5.875334698563708713e+00
-2.336081605768666414e+00
-1.938187302330847350e+00
-2.991852126261163924e+00
-2.344576403383558993e+00
-5.564841222508480456e+00
-4.184199322859519121e+00
-1.448350468346385700e+00
-1.932000580615619079e+00
-2.608355941483153195e+00
-1.924529819640858674e+00
-5.247269874120196853e+00
-4.635483248969113346e-01
-1.980339902637769489e+00
-3.025609132962365333e+00
-2.035136323923912194e+00
-5.235999805977623822e+00
-2.109917657048809403e+00
-1.779230060525038404e+00
-4.983323148346467057e+00
-2.468546002158208186e+00
-3.960907890579476565e+00
-3.132933579879650932e+00
-1.405704979496293638e-01
-3.679385209352499242e-01
-2.318031270214718553e+00
-2.917989491360164500e+00
-2.116852430239920313e+00
-3.769067722066682169e+00
-2.450537589324982335e+00
-2.363855597683177656e+00
-1.951377359356469388e+00
-1.209806138437919953e+00
-6.562062265267365468e-02
-3.360847401570751014e+00
-8.969392565096933057e-01
-2.089663503236406150e+00
-3.069151847321649473e+00
-1.736136061747472148e+00
-1.869063107607061403e+00
-3.419105324089732001e+00
-2.405982993323439345e+00
-2.527751576020671465e+00
-2.907952764431704473e+00
-4.369392266683034265e+00
4.274626163606415896e-01
-1.743149314711152309e+00
-1.720688806905867008e+00
-4.391892424013688512e+00
-4.810997498611519596e+00
-4.984199213284180807e+00
-1.904247865975582377e+00
-2.466854910479940877e+00
-5.117291477736777061e+00
-1.255397705782244966e+00
-1.578931552795136639e+00
-2.535055978383963904e+00
-3.346567469716531740e+00
-3.735108789941960605e+00
-1.727849116940999297e+00
-3.222552738483055901e+00
-3.789697716628095403e+00
-2.278211091629063212e+00
-2.432423951667697093e+00
-1.719854685330573840e+00
-2.340870841627201049e+00
9.984348360292256697e-01
-3.695181227319798367e+00
-3.101159879724699753e+00
-3.009893678078569668e+00
-1.915641965121669621e+00
-2.533732060440771594e+00
-3.523330386132849767e+00
-2.991172296504806649e+00
-4.187888746488591885e+00
-3.269874333230239571e+00
-2.365357642149601425e+00
-1.139337731432629175e+00
-3.313273650433104400e+00
-3.999082292862426335e+00
-2.727028974068135270e+00
-2.098444062055687009e+00
-3.554088918031771183e+00
-2.119976639922190209e+00
-2.534037516629502829e+00
-5.202281922496111655e+00
-4.439326644113779530e+00
6.442727231574548741e-01
-2.143019711689710949e+00
-2.497754367942172316e+00
-4.205332261850819542e+00
-1.984452565294357873e+00
-3.474770290533332862e+00
-4.798822842940991817e-01
-1.817951735002017122e+00
-3.035412368620593160e+00
-2.827828430803279058e+00
-3.062519126280880410e+00
-3.586576994822830322e+00
-4.617898344635314345e+00
-2.430863691562727080e+00
-5.276953969016590307e+00
-2.301062611581726980e+00
-5.100745798819762200e+00
-1.284037785961946732e-01
-1.457790205546548812e+00
-1.718834300764669365e+00
-3.061566325954927503e+00
-3.744749847730390435e+00
-3.513737524784359856e+00
-1.083686273710122938e+00
-2.238412380544151592e+00
1.439865310108505048e+00
-3.761675171960448427e+00
-4.287600921676607335e+00
-5.201792638678880643e+00
-2.109287968127624424e+00
-4.634390349246594987e+00
-1.091942018541095960e+00
-1.609431986957654770e+00
-5.164259799039442989e+00
-2.891247964239413992e+00
-2.206517085047936533e+00
-9.462666796716179274e-01
-2.010338772580292588e+00
-5.211705720392861174e+00
-3.846289343745778133e+00
-2.706388556017889524e+00
-3.456888077512000113e+00
-2.665301640653762849e+00
-4.810260870536744449e+00
-3.237615523605543277e+00
2.333044218691673777e+00
-2.776486490841590715e+00
-2.050357351870085942e+00
-2.155399213291183447e+00
-2.631830240722621284e+00
-5.235490112698551357e+00
-1.988670467900375494e+00
-2.808235834473221004e+00
-5.289998974520664810e+00
-2.554845410758683322e+00
-2.229442289074207384e+00
-3.745914681548966563e+00
-1.980413668514312331e+00
-3.976514171597073322e+00
-3.066807676706938324e+00
-1.452228391980526112e+00
-2.635795329601279491e+00
-4.036586139276907126e+00
-3.506516933761428145e+00
-3.155681682306646696e+00
-1.998086546291664156e+00
-2.968716790634153835e+00
-1.290830988747784458e+00
-2.991560220724281294e+00
-2.599305966971191317e+00
-2.762423219519367645e+00
-3.383537844425591690e+00
-2.197339666341164399e+00
-2.814535005171819648e+00
-1.810623198061577233e+00
-1.521187655524451232e+00
-2.757372166263610591e+00
-6.286233256349734733e-01
-4.044774660267365540e+00
-1.999631607660996568e+00
-2.351581782239035689e+00
-4.226105219468707652e+00
-2.199365962769257443e+00
-3.886160759671597908e+00
-3.494758143653595717e+00
-3.700748700753121234e+00
-2.669300195824001243e+00
-2.475085333217383443e+00
-1.986161800920203779e+00
-4.345615138689414181e+00
1.190980615126329356e+00
-2.708142827015644016e+00
-3.892235283259817269e+00
1.636889291677669778e-01
-3.011174084178030341e+00
-2.092558446154026530e+00
-4.676064505110355540e+00
-2.396101656595516216e-01
-2.363679715523772096e+00
-1.481995116992293360e+00
-1.699123380654897320e+00
-2.037816956701504090e+00
-4.022784784215787113e+00
-1.178489820404000410e+00
-8.620157408274052857e-01
-4.010230978435012084e+00
-6.724419409884241361e-01
-2.000790639245887181e+00
-2.286529207581447398e+00
-4.523908520568406644e+00
-2.094993483447804117e+00
-9.398250350056334135e-01
-3.364262720031398590e+00
3.062964585812747997e-01
-5.319380787176919867e+00
-1.285325841483955456e+00
-2.496774444375331026e+00
-2.790650257869587314e+00
-5.639277936211593012e-01
-9.835097590809469548e-01
-2.607311534164644229e+00
-2.174289236223537980e+00
-2.393554830890989749e+00
-3.717185848040535645e-01
-1.889281700247031237e+00
-2.638846843567931089e+00
-4.666221779457258023e+00
-1.629221509394320311e+00
-8.941187968566544075e-01
-2.518037529756450787e+00
-3.271668374251757605e+00
-7.622211178173100565e-01
-3.581723786368589124e+00
-4.839137637574963513e+00
-2.602265525454783734e+00
-2.373835740865130717e+00
-5.024387979388137637e+00
-2.703756296143978499e+00
-3.042870060989197434e+00
-2.183314289963030896e-01
-4.847245812083048833e+00
-4.748883997037482096e+00
-3.496460823427481657e+00
-2.199883137437030012e+00
-2.578784599449236214e+00
-2.923091912480927146e+00
-4.239537250344829644e+00
-5.873503484167394983e-01
2.325434237970610274e-01
-2.865050984194551287e+00
-3.008887210481512753e+00
-2.666492808252717062e+00
-1.472204458115031311e+00
-4.155253576276908944e+00
-3.044240139774409215e+00
-5.915998581784854160e+00
-2.668652005194118715e+00
-2.599173962152006467e+00
-3.170780104908914154e+00
-2.319277288113091195e+00
-3.590380685256702620e+00
-2.294546325886650084e+00
-2.732199941621297867e+00
-3.737705511774510381e+00
-2.464051971352726245e+00
-4.060969762746041489e+00
-1.523840417871558106e+00
-2.814607061040288905e+00
-2.550549195985400086e+00
-3.250384660980073726e+00
-2.325814424252627521e+00
-2.124476393914995764e+00
-4.396006729737611529e+00
4.852680185471766605e-02
-3.638366008508187477e+00
-3.985210822730005376e+00
-3.780104583020591047e+00
-2.244395418710353418e+00
-3.564356845080259184e+00
-3.099416251630147556e+00
-2.601523505793856383e+00
-2.886035614418427375e+00
-2.327831659621991900e+00
-2.710155109035995213e+00
-4.920881308274497101e+00
-2.202827277127993533e+00
-4.072290375719912703e+00
-3.646862654346684440e+00
-2.788524305259836300e+00
-2.854692478289254431e+00
-3.055241512768548162e+00
-1.613989900757473173e+00
-2.759442387112442496e+00
-1.770829296799790287e+00
-4.265249842720754359e+00
-1.998528791660894921e+00
-3.337934358640763932e+00
-3.830241719442355031e+00
-1.964680810643206543e+00
-2.324827496545557981e+00
-3.559306814529814122e+00
-1.899581861064818300e+00
-1.341252629872991653e+00
-1.409548391596782579e+00
-2.482694944545130955e+00
-3.793646939626073689e+00
-1.892334626873296788e+00
-4.250388460018380776e+00
-3.564354643844845683e+00
-4.181227535047255195e+00
-2.565755496063638397e+00
-2.043371308560071764e+00
-4.079137974459744242e+00
-2.664894711172073549e+00
6.906811235461115528e-01
-3.153418356997010452e+00
-3.388077186145163289e+00
-2.710263926634177700e+00
-2.582927062917102834e+00
-3.897012360071113957e+00
-2.808169044626851907e+00
-2.704566970562169548e+00
-2.869895309838078390e+00
-5.018936506422969401e+00
-3.477198852479571611e-01
-2.288863399834501600e+00
-5.267252820762768017e+00
-5.288047877805902575e-01
-2.905583530214899568e+00
-2.210861879774075778e+00
-3.111861613679804961e+00
-3.099135447992267700e+00
-2.197956341954748094e+00
-1.688806139607059498e+00
-3.199450371717555530e+00
-2.062629628746831756e+00
-4.926694574270820581e+00
-1.743220854984784518e+00
-2.265919866798557614e+00
-5.553018838137611546e+00
-3.812335113228761951e-01
-3.882038936575975985e+00
-2.848212084327113924e+00
-2.380223366624381942e+00
-3.663687144950865893e+00
-1.576271436565504835e+00
-4.591532554902129526e+00
-7.298729048110690343e-01
-2.316092217240726558e+00
-1.629642664820682540e+00
-4.456175362811280571e+00
-1.976658595226263859e+00
-1.724363858593086274e+00
-2.722807245626503114e+00
-4.811673430389459938e+00
-2.383412314695919410e+00
-2.953510825036032905e+00
-2.452654957584587070e+00
-9.163600554555055844e-01
-2.076895966278872852e+00
-2.706916661189249673e+00
-2.121104145930354790e+00
3.631824000680776710e-01
-1.910255738553959359e+00
-2.173236922172887109e+00
-2.491519019023726855e+00
-1.104070413021099872e+00
-5.842144830923620802e+00
-1.503652577924197598e+00
-4.170621947079805381e+00
-1.824838327478786493e+00
-1.086673956410271202e+00
-2.213015066205043180e+00
-2.838735165945188932e+00
-5.533891814185043501e+00
2.017860329090816141e+00
-2.016683520719702027e+00
-3.123529219865929463e+00
-2.567592083450700002e+00
-2.223267320799371394e+00
-2.046972088019920033e+00
-3.098845606515169493e+00
-1.853769819119029272e+00
-3.086421096917556506e-01
-3.641505576683639944e+00
-3.334869356955279862e+00
-4.792580313434618766e+00
-2.447701997131930707e+00
-3.149282952111630340e+00
-2.199193285488848293e+00
-2.917941289310885811e+00
-5.098874323412896814e+00
-3.635320779129188828e+00
-2.072792094733888923e+00
-1.655536621802539354e+00
-4.120099159788636278e+00
-3.583619938375399716e+00
-3.997764668528476228e+00
-3.216783070148645507e+00
-2.451317190420921666e+00
-2.988248746164673619e+00
-2.891718695283788332e+00
-3.687664421024843264e+00
-1.960551399880774870e+00
-3.668367241712632065e+00
-2.315980771004218397e+00
-3.318414018274504773e+00
-3.015180402215420941e+00
-1.339157999254946274e+00
-1.534124806226366378e+00
-1.440737206357882494e+00
-1.646460147289219300e+00
-2.543883153270967590e+00
-1.841601214885350668e+00
-2.093668506241226357e+00
-5.052358308113867658e+00
-2.376186432837662288e+00
-2.348400356911517939e+00
-5.813614179731454445e-01
-2.668066440272891970e+00
-3.315918517214755390e+00
-4.057071971022446100e+00
-1.433180789442984437e+00
-1.827255271038136009e+00
-2.310859705584495050e+00
-2.260435907951097168e+00
-3.296658483866415357e-01
-2.352168692599575284e+00
-1.254566095757808419e+00
-2.222795483616873291e+00
-3.700500580028297737e+00
-4.326840302538240479e+00
-4.822631390697611486e+00
-1.272816869738276457e+00
-1.527236779889412643e+00
-4.114388865208406187e+00
-1.463221661894147818e+00
-2.140486979928790667e+00
-3.911224778885182829e+00
-1.503987942824370538e+00
1.675420736992104143e+00
-1.465781272154705217e+00
-1.226977210845399680e-01
-2.387147414281782343e+00
-2.362038149975684398e+00
-5.087924201770338328e+00
-2.526117147073510427e+00
-3.909036005760804677e+00
-2.780423740269513999e+00
-1.640720991781337235e+00
-3.581664972086445076e+00
-2.564675370849739622e+00
-3.008547774041832490e+00
-4.721797749081357409e+00
-2.317113369678282186e+00
-2.866592399590833562e+00
-2.832287416822297121e+00
-2.580196826209530947e+00
-5.314275259091521875e+00
-2.628822453752983623e+00
-3.045434569943151093e+00
-3.320582417629917238e+00
-2.981755645569999391e+00
-8.539637771265151667e-01
-3.498417758683951995e+00
-1.714280411361747136e+00
-2.814987124869706925e+00
-3.368335362245950648e+00
-1.683971062067569857e+00
-5.095198508155056594e+00
-2.518549560319271574e+00
-2.555783007530787465e+00
-4.136068529909525004e+00
-2.854768322770261602e+00
-5.013654756163643533e-01
-3.855442231254615493e+00
-3.325061608661307844e+00
-1.527678591579429090e+00
-3.319643546946912771e+00
-3.158674448745920849e+00
-5.265065356482769410e+00
-1.589186521087231352e+00
-4.273718823553675605e+00
-3.224159953306568127e+00
-2.972217590142653076e+00
-3.811444689501173322e+00
-2.352550846425607300e+00
-2.268454379975759938e+00
-1.370944473183995482e+00
-2.165414862794038164e+00
-3.160675803562269515e+00
-2.105731900538612145e+00
-2.855710951352092408e+00
-1.174675772177997457e+00
-2.951848476090548790e+00
-3.382680912360592984e+00
-2.590350340275246133e+00
-2.631555604701621753e+00
-1.723489008690596513e+00
-3.616892527220114673e+00
3.088936615374319183e-01
-4.480254838951988283e+00
-4.620791392957982247e+00
-1.304033966881579243e+00
-1.302519971045649205e+00
-3.557702452399312154e+00
-3.959959389690389742e+00
-1.967721826244963834e+00
-1.117787747596738823e+00
-2.477184542438924317e-02
-2.694939063077001595e+00
-4.719698418293333475e+00
-1.019211575168574191e+00
-1.561723753814628024e+00
-1.182340830037369450e+00
-4.617611772387891556e+00
-2.592659830248988939e+00
-5.457320014607167646e-01
-2.175187734983411225e+00
-1.161980728000823193e+00
-1.853671674356941690e+00
-4.205573984916821217e+00
-8.224769272126704056e-01
-3.883682854366753978e-01
-3.967475677674883627e+00
-1.373932466625279236e+00
-1.957730937213462141e+00
-4.788249149290285445e+00
-1.959857351302614292e+00
-2.917072354401383016e+00
-2.397305240556084183e+00
-2.896779289990229600e+00
-2.332204223463135939e+00
-2.881023038610961873e+00
-2.351328305238198801e+00
-1.584695519801885943e+00
-2.188579321624034346e+00
-4.055540050594694357e+00
-3.123016245113564349e+00
-3.346451639000616929e+00
-3.748541350071889156e+00
-5.191952964554811700e+00
-4.756350070666889529e+00
-1.670393116368585451e+00
-2.165327151294236696e+00
-2.729425212349573471e+00
-4.414504712515720186e+00
-1.524863440097281142e+00
-2.054225205931504039e+00
-1.940555084390694685e+00
-5.831921516566340280e+00
-2.391282267098220338e+00
-2.140999172140312545e+00
-1.659911059667819933e+00
-2.411512903016876930e+00
-1.842887645083501891e+00
-2.726656402643176325e+00
-3.139029682069221838e+00
-4.069725097107653511e+00
-1.556020316694572303e+00
-3.900646906063815589e+00
-2.463499646799967913e+00
-3.317897419059724129e+00
-2.264414076361294548e+00
-4.952734340449656436e+00
-3.869748364711505406e+00
-4.706791003050939670e-01
-2.460826904480000632e+00
-2.681350802630130037e+00
1.349457181676712247e+00
-1.753511846685392950e+00
-5.284064130983441743e+00
-2.949379048306851381e+00
-4.435810370929979207e+00
-4.233920471376501737e+00
-2.757130400195360487e+00
-3.448499810202737770e+00
-2.211009315451468282e+00
-2.325550194019846639e+00
-3.705261853076969647e+00
-2.017104689297238185e+00
-4.361764464498477878e+00
-1.835561300622675418e+00
-4.353195624933242414e+00
-3.549859103878217237e+00
1.543878557054040035e-01
-3.942235403407179817e+00
-9.354752784128950172e-01
-2.909308470546011716e+00
-2.504289311990353539e+00
-4.470005963587679432e+00
1.330289082112948051e+00
-2.928070893615551729e+00
-2.023551208880010055e+00
-8.325456376700286487e-01
-2.855494294177854719e+00
-2.450645713334079989e+00
-2.205540886835737346e+00
-2.410148104204912212e+00
1.095584083329473324e-01
-4.759166471583202274e+00
-4.725763103670272969e+00
-4.107556931488984375e+00
-2.597227608587878933e+00
-2.292640442287547042e+00
-2.843152176521144270e+00
-2.255438237466275364e+00
-3.475531095266857218e+00
-2.667391010310102395e+00
-1.830229022819552798e+00
-2.743490023367554542e+00
-1.124283260489723046e+00
-9.969722620667973434e-01
-3.340735663719551773e+00
-4.531731360282000409e+00
-8.110095634497498374e-01
-3.106461212382569670e-01
-3.379765138433304283e+00
-2.626186481521096017e+00
-2.987746238840940816e+00
-3.171623149331566083e-01
-2.176338182665408461e+00
-2.653832600589673074e+00
-4.302892877888305101e+00
-3.620146843832373396e+00
-2.471102405161237137e+00
-3.329429558614930063e+00
-2.099112643642255804e+00
-3.524122679745844700e+00
-4.218024010458009343e+00
-3.308774943571584082e+00
-2.541380913934895958e+00
-2.368128353812615661e+00
-2.534408996265309799e+00
-2.527005104157820981e+00
-2.182939860501664775e+00
-4.783711886418826609e+00
-1.200302520939533713e+00
-4.693617891748638193e+00
-1.814042499248060381e+00
-3.337324732479375999e+00
-3.357099796197498431e+00
-3.549717436196648812e+00
-2.319489685852530236e+00
-3.539808438036311955e+00
-3.054213209723225297e+00
-3.929920478124568906e+00
-6.085341326698344488e+00
-2.889038471633055050e+00
-2.344935110013647073e+00
-3.204248255231969988e+00
-1.101411472511681477e+00
-2.600651288159086860e+00
-2.362225413015377473e+00
-2.400540356394140318e+00
-2.041361307567538752e+00
-2.581061816904928197e+00
-1.604847509801353045e+00
-4.070360673344612934e+00
-3.224328879959780902e+00
-3.697383292968744239e+00
-4.005559916782669205e+00
-1.814679519513122896e+00
-3.864551891537141959e+00
-1.916502403558948631e+00
-2.132747062889353895e+00
-3.004451713023169379e+00
-2.432385954353392776e+00
-2.331608319583942990e+00
-2.744067116641159654e+00
-3.664097261939433636e+00
-2.061257928006809959e+00
-3.665168369788899039e+00
-5.357851891031165659e-01
-4.114320056941349613e+00
-1.608555689832227298e+00
-4.531363535662713105e+00
-3.795729886298741640e+00
2.123894223468953402e-01
-2.865488730934735440e+00
-4.812702333903707275e-01
-2.382902331131467211e+00
-4.320469573854779810e+00
-2.991078557794682791e+00
-5.232569186720355425e+00
-6.739095101027636758e-01
-3.886061366205014522e+00
-1.801603718243223407e+00
-1.389222922688000406e+00
-1.828898918972733378e+00
-2.567410562790757744e+00
-3.201822143795104658e+00
-2.966034686266749709e+00
-3.171827351317829446e+00
-1.551954289398590703e+00
-3.781925938078615435e+00
-2.846681977124646767e+00
-3.417944275605040882e+00
-4.101480838824091535e+00
-2.546648481620325644e+00
-4.546115545422756199e+00
1.410393129988168071e-01
-3.214037850596868751e+00
-1.900646791463733054e+00
-1.856807303149822896e+00
-2.434945114702606439e+00
-3.826256409248397272e+00
-3.527822976778206776e+00
-1.595489038729826614e+00
-3.749267751258173575e+00
-2.522287897551574343e+00
-3.277263352481992964e+00
-2.155900922302046219e+00
-3.318087573242884059e+00
-1.833144143218147226e+00
-2.873168172173275803e+00
-2.288297857733755158e+00
-5.847413494689097213e+00
-2.704170040593498303e+00
-3.975703876177537399e+00
-2.176586321127600421e+00
-1.380218486009589629e+00
-2.483006158574126765e+00
-3.528294347947507070e+00
-3.809836469315306395e+00
-2.715537582996472743e+00
-8.000659391949411781e-01
-3.858532368006627244e+00
-3.160430594922381431e+00
-2.323498685385482432e+00
-4.897985729285467826e+00
-3.182755252728613815e+00
-2.040280972792627878e+00
-9.971427349635750836e-01
-1.918485993096352704e+00
-1.050394722802090675e+00
-1.900970292007341467e+00
-2.426068391915604749e+00
-2.584239454966101857e+00
-5.221733998381073327e+00
-1.898329981007265577e+00
-2.364394600049187556e+00
-2.619296223626098374e+00
-2.310826632076163900e+00
-1.188711293860187812e+00
-3.688109386111917409e+00
-2.404269189419855124e+00
-3.069279233405729279e+00
-3.422546548453369475e+00
-3.190483614130265266e+00
-4.515895940940254150e+00
-2.153627023107870020e+00
-2.903674818283614290e+00
-1.561486178771226863e+00
-2.138589699312328118e+00
-2.125185945230700479e+00
-3.557147554155203117e+00
-5.155149313671653744e+00
-3.246385215258504431e+00
-3.012361009137499934e+00
-2.666171895289788818e+00
-4.319703958648339892e+00
-3.667978036505068928e+00
-2.363252030992271990e+00
-2.867030328152492924e+00
-4.840961613146522069e+00
-3.343650726831777664e+00
-2.402920597759063526e+00
-5.972271494739447295e-01
-4.964425327588201320e+00
-3.219300005521619656e+00
-4.418457340178248316e+00
-4.240298632994208283e+00
-2.580951256816843564e+00
-3.038393196549689090e+00
-3.441064781240818160e+00
-2.884002769144497158e+00
-2.825052890994333765e+00
-3.873890810378936234e+00
-2.332281265122658986e+00
-1.520797700615150738e+00
-1.866717544044905086e+00
-1.785438770681418541e+00
-2.756806297970801456e+00
-2.188420479434509236e+00
-3.410539061152855655e+00
-3.026471598737821456e+00
-1.949851825695241292e+00
-2.206724775517746373e+00
-1.876747544642367149e+00
-2.585203215581188818e+00
-1.779001412650265790e+00
-2.891037031424847914e+00
-2.904181627409673006e+00
-2.621828517436671557e+00
-2.811584920234471152e+00
-3.624003759530749047e+00
-2.843170550307589473e+00
-1.508528624618976188e+00
-8.643964644087203109e-01
-4.908692026165599742e+00
-2.736418339812739298e+00
-3.214664834112212155e+00
-7.482927275654532862e-01
-2.886561367018451563e+00
-2.204069314118493494e+00
-1.163985162997445366e+00
-2.689994029621980420e+00
-3.135985186335073838e+00
-2.337983163298377853e+00
-3.393318766864456215e+00
-3.446289433270918856e+00
-1.427382904279941744e+00
-2.039938508679754126e+00
-2.320027674282211017e+00
6.052137666243218028e-01
-4.389081538183821962e+00
-1.905064772764571979e+00
-4.095820240559068459e+00
-1.902168024823793324e+00
-5.121014584640449563e+00
-3.273957734106360817e+00
-2.566861918344860438e+00
-2.847204727684140568e+00
-2.475926853159738705e+00
-3.909668191295905260e+00
-7.371743868791299503e-01
-3.964895087876484148e+00
-2.579604201698154853e+00
-2.711984819848424433e+00
-1.558090557223252626e+00
-2.404068875318821519e+00
-9.432384376309601581e-01
-1.858788104777552741e+00
-3.446122420401131148e+00
-1.911306186821295494e+00
-2.880017505155301194e+00
-2.846621139591630989e+00
-2.947044199417043320e+00
-1.424957756186959301e+00
-3.033756452676018345e+00
-3.983260328724825161e+00
-5.740186490571208999e+00
-3.787258690612609779e+00
-2.600572653416790114e+00
-1.496853690619515787e+00
-4.909483296522329177e+00
-2.456805047184069668e+00
-2.711552097620942625e+00
-2.394009025296086168e+00
-4.577979478780333622e+00
-1.342911061673900175e+00
-3.965596031053554515e+00
-1.288618149452505524e+00
-1.827643003935019328e+00
-3.665659432467851975e+00
-2.859543662085443749e+00
-4.255134411863499722e+00
-2.105845632432985948e+00
-8.369407146191945035e-01
-4.999088320965449306e+00
-1.902057783805727986e+00
-1.899115216839293518e+00
-3.941066754135820194e+00
-5.137383493244232824e+00
-2.775206990931438078e+00
-1.582289242876224966e+00
-1.688410288002530013e+00
-1.791944639056836319e+00
-2.049216191246967966e+00
-4.827288530052205040e+00
-1.722279688088554472e+00
-6.958679555952981266e-01
-1.692094155413948364e+00
-4.086854684035641228e+00
-2.966541778637627580e+00
-3.848614506547040737e+00
-2.710467887339385484e+00
-2.854689634362204131e+00
-2.998318579387831750e+00
3.005118755396555263e-01
-2.091331401264713286e+00
-2.080441837545578210e+00
-2.084486952964346163e+00
-2.828052409260320754e+00
-2.133207075155107546e+00
-4.210881590843328581e+00
-3.480866055141777604e+00
-1.741320605108932718e+00
-2.560120508315542054e+00
-1.993680200743382702e+00
-2.615047669992245361e+00
-3.179557685413147983e+00
-5.577765964382303210e+00
-2.533445416880140577e+00
-2.768752253871724633e+00
-5.365763327441704256e+00
-6.463194792674588074e-01
-2.664980952211620568e+00
-2.594873949998721674e+00
-2.210100381739831921e+00
-3.813443411423480978e+00
-4.212262553123931497e+00
-3.718682603128477204e+00
-1.476018186461384607e+00
-3.855297241624899396e+00
-1.539634249896407736e+00
-3.150126431384439929e+00
-8.777110213845181752e-01
-1.679242183075158712e+00
-3.325830391251562101e+00
-3.324390501047131075e+00
-2.406123872397772701e+00
-2.439358306848060653e+00
-2.968388838039088817e+00
-4.232040600615697978e-01
-2.606813028564618495e+00
-9.916116848704478182e-01
-4.695168913923786214e+00
-3.098315788579886654e+00
-3.164379941733660662e+00
-2.790451162061536206e+00
-4.871704290633800838e+00
-4.163845560853931538e+00
-4.330555787105735632e+00
-4.854665158625220300e+00
-2.610322892486954593e+00
-2.615632298749858808e+00
-3.024207397198459102e+00
-1.152765747441494071e+00
-2.044872850243919959e+00
-3.672871265523903084e+00
-1.156146380063828083e+00
-3.835444158246394508e+00
-2.781167552599612680e+00
-7.517447238242482843e-01
-4.337972069541684128e+00
-2.561156158210558864e+00
-2.708107709291994958e+00
-3.609369251468142803e+00
-4.441776331491524843e+00
-5.682404845020297302e+00
-2.036254533650939891e+00
-1.874260152722577510e+00
-2.136419283285056814e+00
-2.997020755501197620e+00
-3.832045608432375516e+00
-1.559655920816910735e+00
-4.335414842216342990e+00
-1.794361575084348237e+00
-4.022999317366128480e+00
-2.227438258818847494e+00
-2.715740846126589059e+00
-5.649869254445221145e+00
-1.260321567715804836e+00
-1.783351821158223771e+00
-1.267251467159892009e+00
-2.478989877191576152e+00
-2.369620268037341937e+00
-3.624684143797827218e+00
-2.257413239798890192e+00
-2.811855624661584674e+00
-3.731429247137155514e+00
-3.298036707755923835e+00
-3.838708805601309670e+00
-2.398240408930507606e+00
-3.697972441272909805e+00
-1.820038572114801578e+00
-3.658940835061622820e+00
-3.911982032975628520e+00
-3.444069688106994764e+00
-2.301808541980424838e+00
-3.592439200878677408e+00
-2.288470151367208771e+00
-2.883143855656494559e+00
-2.030663191364269871e+00
-3.654299356980884816e+00
-2.110962555424032772e+00
-2.520505545218290955e+00
-1.287658069436559138e+00
-2.244286787920851012e+00
-2.269876102373053595e+00
-4.161904951782478435e+00
-3.133169075130517012e+00
-2.678645953160676996e+00
-3.580972858189812591e+00
-1.921573966602046379e+00
-1.630225151292943764e+00
-1.516778721439322686e+00
-1.795456615768468600e+00
-2.701234206579159469e+00
-2.066931711676635253e+00
-1.285278941959213217e+00
-4.895464614464605013e+00
-5.432489868250171661e+00
-2.126510679948446225e-01
-3.651397434911123341e+00
-2.825079399923841716e+00
-3.424217220097187653e+00
-1.693242372594182532e+00
-1.055945746085257264e+00
-4.879009762405527972e+00
-5.284433119466116935e+00
-2.239276238194984447e+00
-2.455352891542844418e+00
-4.948012401627023493e+00
-3.097847955195770719e+00
-3.221096812082248739e+00
-2.310741708412413775e+00
-5.017143262048544550e+00
-4.273584755595903673e+00
-2.388536065381843265e+00
-2.424000987815113195e+00
-2.089889680135825767e+00
-4.863719230006653405e+00
-2.515283551539956530e+00
-2.134201702158271097e+00
-1.885519192332871796e+00
-2.764102859201140738e+00
-3.146524051593872162e+00
-2.589404162954492161e+00
-3.780107420444813293e+00
-2.211496590826619091e+00
-1.527615480221469202e+00
-2.190858909594560977e+00
-2.748878803948443306e+00
-3.178990846841144524e+00
-3.589782584705443202e-01
-2.131714689058909151e+00
-3.030435816030601970e+00
-2.219753039352364787e+00
-5.172260279239465852e+00
-3.155384357023412800e+00
-4.790533358616055892e+00
-5.585612044623387007e+00
-9.204684641255377331e-01
-4.804956923715573147e+00
-3.194567580798178152e+00
-1.324085453947660973e+00
-2.620149119520945202e+00
-1.716339339494186600e+00
-2.388543362150234994e+00
-2.594344782897347823e+00
-2.981269556765672402e+00
-2.436516379825978795e+00
-3.523958637832433904e+00
-3.448743588255748893e+00
-2.453060272589651980e+00
-1.436750759741352912e+00
-3.330590843061623563e+00
-3.643606426069063708e+00
-1.364649803041531717e+00
-5.239306712506403230e+00
-3.631592116300966566e+00
-4.611617953816534721e-01
-3.104460592828717225e+00
1.551559926476552054e+00
-1.425896405577994352e+00
-4.273878688390492009e+00
-2.675418206967248302e+00
-1.221566951325834927e+00
-2.868459595989807376e+00
-3.320306170923477129e+00
-4.686585015411309563e+00
-2.047531243076967211e+00
-1.302111834097388066e+00
-3.189406373424735541e+00
-2.067174093071832530e+00
-2.483273560964147197e+00
-5.849062883880494113e+00
-3.789787450084681542e+00
-1.502625918652234827e+00
-4.495021359976052011e+00
-9.951995815520328081e-01
-1.983654065335527017e+00
-2.150964487055212260e+00
-2.152749923467538462e+00
-3.234748808256184827e+00
-3.934274690392773444e+00
-3.136240497225730728e+00
-3.420372377018235266e+00
-1.703433041260556502e+00
-9.442184371151258748e-01
-2.697329800927825261e+00
-2.629153236409017769e+00
-1.977492461766916287e+00
-2.557205304319786432e+00
-1.417927475210305932e+00
-1.095643082699085058e+00
-1.768067732551628524e+00
-4.544231692997859895e+00
-4.920483929246470822e+00
-3.863119809860970477e+00
-1.425780090967171621e+00
-5.314551797787606446e+00
-1.932540533738430488e+00
-2.925070485345512061e+00
-1.562765728172595070e+00
-2.458789586826013895e+00
-9.312809380900921585e-01
-5.528739473451893538e+00
-3.009836133141809977e+00
-3.543985606109726127e+00
-3.653685084147573647e+00
-2.870183740225456859e+00
-1.325779452838484307e+00
-1.943796167547523490e+00
-5.174467226057079650e+00
-2.544506291852354884e+00
-3.372517053316445690e+00
-5.318916104432938496e+00
-4.115771876887506231e+00
-2.060332024464331724e+00
-2.521633719908315197e+00
-1.755300752750315940e+00
-1.069984356061206121e+00
-3.736990905006590591e+00
-1.829422107306493350e+00
-2.233856303193236137e+00
-3.234506826398254042e-01
-3.188571252039488435e+00
-4.276004261529613437e+00
-9.148520432750776310e-01
-2.603733307106361750e+00
-2.368374643383670541e+00
-3.119580181792969142e+00
-3.480285060315618129e+00
-2.031357141945870026e+00
-4.227561215629624947e+00
-8.945420067874455539e-01
-1.987825653303328721e+00
-1.522369052936177303e+00
-2.441549873431210660e+00
-1.246610597703711854e+00
5.792847711509436781e-01
-3.748041704223106230e+00
-1.429654574452389859e+00
-2.355669001897362946e+00
-2.720747321718118616e+00
-2.486642743958454638e+00
-3.184954362911095682e+00
-3.977040259811355227e+00
-3.807316117166029912e+00
-2.404049671795439380e+00
-1.218585731632863212e+00
-6.291132131986958420e-01
2.185416076061060323e-02
-3.507008813443003969e+00
-2.755787133408365452e+00
-4.305835612774027155e+00
-2.608574470481933805e+00
-2.547453434666903327e+00
-2.896866193993498317e+00
-5.355013683205456232e+00
-2.521427641005485665e+00
-1.626422164482951072e+00
-4.752515892925108787e+00
-2.471967222814108300e+00
-3.449597932755707586e+00
-1.069070810534229476e+00
-2.705220428472960847e+00
-2.232038361459134812e+00
-1.969054977993458078e+00
-1.612473502472770104e+00
-1.514785452950149658e+00
-4.463032121604975977e+00
-5.129761021012489763e+00
-1.214150249103192802e+00
-3.737456973693532358e+00
-2.004490216658510349e+00
-1.405696197409237680e+00
-2.106811753133881027e+00
-2.770858083275313036e-02
-1.943970058200515272e+00
-1.453056579917334279e+00
-3.602113225718026612e+00
-2.033742377481271735e+00
-4.565355851949007615e+00
-4.254255486191109270e+00
-2.543343841579266851e+00
-3.004438048774806358e+00
-1.986086099827797602e+00
-2.468727327622474821e+00
-2.224808360003791563e+00
-3.880683020602805566e+00
9.843351603432080044e-01
-2.553296540312099960e+00
-1.458763948363684504e+00
-4.709451533994817751e+00
-3.523808272355377635e-01
-4.459487601831532366e+00
-3.824635233665634737e-01
-2.528238139826978870e+00
-1.554686099303501434e+00
-1.907382330360862577e+00
-2.460402079142688603e+00
-6.214173267898921438e-01
-1.328155335916514135e+00
-3.399746215890336209e+00
-1.996902337573039032e+00
-2.923262806476377929e+00
-1.589347725150080270e+00
-2.726535834852413576e+00
-3.181441045278526336e-01
-2.156701733071256122e+00
-4.358343950882136220e+00
-2.353486468694012679e+00
-1.562828221751745739e+00
-2.308729305620648820e+00
-2.751099737162242320e+00
-5.473171505673688486e+00
-3.000869493351083328e+00
-1.733873008866319676e+00
-1.788354610383602328e+00
-1.669896719122124118e+00
-2.957670358124826926e+00
-5.130670787125718668e+00
-2.817737479536190470e+00
-1.989701453441331092e+00
-3.265144606121318738e+00
-4.446240119559131898e+00
-3.537211161339727017e+00
-2.888293507378373093e+00
-7.013206858188236748e-01
-1.952078059862194515e+00
-3.070170352399287594e+00
-2.530062306620836754e+00
-1.036374447218356698e+00
-4.007577521181859836e+00
-4.135791961991313492e+00
-2.273879583385471914e+00
-3.255837745843735309e+00
-2.229030479115414742e+00
-4.077973009560555084e+00
-3.257712608373620089e+00
-2.373874099436712459e+00
-1.325256534924286189e+00
-4.748350486451866637e+00
-2.740941698646942815e+00
-2.794856152165813956e+00
-2.288211460141408526e+00
-3.891566778780042757e+00
-3.454776826414741375e+00
-4.444923305684862769e-02
-1.938511274643783144e+00
-2.641832082526444303e+00
-2.347324696098211483e+00
-2.304145726838940256e+00
-5.001794496620389774e-01
-2.472164489927229702e+00
-2.315472604165960568e+00
-2.294272003404589810e+00
-2.972355922170508258e+00
-3.022081912640449008e+00
-3.121706499157320458e+00
-4.236737804585359868e-01
-4.499709523044530535e+00
-3.362938299423651856e+00
-1.750674064180251399e+00
-2.836273939092103902e+00
-2.103303558867192447e+00
-2.418635085439855725e+00
-2.273981692635263396e+00
-3.933413905727456972e-01
-4.166865012740661456e+00
-3.684162627549076419e+00
-7.864491670704656379e-01
-1.980407547203383523e+00
-2.045971102256458618e+00
-3.430402788957198634e+00
-2.563123557369946237e+00
-1.283885536975574615e+00
-2.784183780232425409e+00
-3.557935302697592839e+00
-1.465090454668489306e+00
-3.349613655967097703e+00
-3.038096638653097425e+00
-4.623073243454479453e+00
-3.842430797578420876e+00
-2.194511712490419431e+00
-9.264740734457055371e-01
-2.238924413371463640e+00
-1.807045062073974862e+00
-3.594203593073664216e+00
-5.519776408174082327e+00
-4.541534558207474426e+00
-2.583935922326423107e+00
-3.745500399114301437e+00
-1.202045790169453232e+00
-1.657991906847179342e+00
-2.441045488952964249e+00
1.722061121262541405e-01
-1.695116789976049976e+00
-4.016029967928610667e+00
-1.429965336724763780e+00
-1.830785077515386217e+00
-2.226422640549036380e+00
-2.654794549221101363e+00
-2.440966917616131937e+00
-5.438304479254958856e+00
-1.618097083484245191e+00
-2.008705467477276851e+00
-1.966722381496372352e+00
-2.641151361628170324e+00
-2.473999786014378977e+00
-1.806983220334826168e+00
-1.782470273991223486e+00
-2.075015682225207492e+00
-4.000770862113056658e+00
-2.526103106478057025e+00
-3.213677392141895961e-01
-2.743444424088621325e+00
-4.713374550740965674e+00
-2.964875814591217296e+00
6.643493630485437507e-01
-2.790362177963763735e+00
-4.857432364864570085e-01
-1.113682878934481035e+00
-2.995897431099699748e+00
-5.140850314887117634e+00
-3.667428473614755546e+00
-3.900528758430375831e+00
-2.669323582273269491e+00
-2.024919732288873231e+00
-3.303943982831474724e+00
-4.989596253514087643e+00
-1.705340687982488168e+00
-4.478742539347303264e+00
-2.390288527055316692e+00
-3.647861718677435583e+00
-2.827973911206262070e+00
-2.551591099167265231e+00
-2.412310632586553094e+00
-2.103957948079110629e+00
-1.982774281610746092e+00
1.515415042465297679e+00
-2.676119730146139020e+00
-2.291912622495439145e+00
-5.286142611331846375e+00
-1.914609588707248955e+00
-1.905535317534303053e+00
-1.711852405785728726e+00
